2.086765
1.893804
1.387882
0.760006
0.246283
0.037750
0.207424
0.682442
1.271917
1.739896
1.895520
1.665981
1.124379
0.461862
-0.085327
-0.326020
-0.187072
0.258775
0.820749
1.263004
1.394785
1.143376
0.581963
-0.098228
-0.660884
-0.914775
-0.786705
-0.349375
0.206479
0.645034
0.775549
0.525312
-0.032492
-0.706655
-1.260888
-1.503993
-1.362817
-0.910113
-0.336678
0.121596
0.273889
0.047405
-0.484769
-1.131523
-1.656676
-1.869147
-1.695903
-1.209824
-0.601839
-0.107976
0.080804
-0.108440
-0.602766
-1.211215
-1.697758
-1.871465
-1.659457
-1.134766
-0.488475
0.043236
0.269259
0.116504
-0.342230
-0.916126
-1.369290
-1.510926
-1.268280
-0.714506
-0.040800
0.516547
0.766327
0.635357
0.196347
-0.359960
-0.797743
-0.926265
-0.672825
-0.110619
0.569123
1.130088
1.381051
1.248824
0.806125
0.243707
-0.202581
-0.341970
-0.101717
0.445035
1.107116
1.648283
1.877388
1.721332
1.252923
0.663019
0.187574
0.017474
0.225584
0.738885
1.366341
1.871844
2.064388
1.871017
1.364688
0.736406
0.222279
0.013343
0.182618
0.657237
1.246317
1.713902
1.869135
1.639206
1.097218
0.434316
-0.113256
-0.354329
-0.215758
0.229713
0.791314
1.233199
1.364612
1.112837
0.551061
-0.129490
-0.692503
-0.946750
-0.819032
-0.382052
0.173456
0.611666
0.741840
0.491265
-0.066875
-0.741371
-1.295933
-1.539366
-1.398514
-0.946131
-0.373014
0.084945
0.236926
0.010133
-0.522347
-1.169403
-1.694856
-1.907624
-1.734673
-1.248884
-0.641185
-0.147606
0.040893
-0.148627
-0.643227
-1.251946
-1.738756
-1.912726
-1.700978
-1.176545
-0.530507
0.000955
0.226731
0.073734
-0.385240
-0.959372
-1.412768
-1.554633
-1.312211
-0.758659
-0.085171
0.471963
0.721532
0.590355
0.151142
-0.405366
-0.843344
-0.972058
-0.718806
-0.156785
0.522776
1.083564
1.334354
1.201958
0.759092
0.196513
-0.249933
-0.389476
-0.149373
0.397232
1.059170
1.600198
1.829169
1.672982
1.204446
0.614418
0.138855
-0.031361
0.176638
0.689831
1.317183
1.822586
2.015035
1.821573
1.315155
0.686789
0.172582
-0.036429
0.132773
0.607325
1.196340
1.663865
1.819042
1.589061
1.047024
0.384078
-0.163534
-0.404643
-0.266105
0.179338
0.740915
1.182779
1.314175
1.062388
0.500603
-0.179952
-0.742967
-0.997210
-0.869486
-0.432494
0.123028
0.561257
0.691453
0.440905
-0.117205
-0.791667
-1.346191
-1.589581
-1.448683
-0.996251
-0.423080
0.034936
0.186978
-0.039751
-0.572162
-1.219146
-1.744523
-1.957210
-1.784176
-1.298300
-0.690510
-0.196837
-0.008238
-0.197657
-0.692151
-1.300761
-1.787458
-1.961312
-1.749444
-1.224886
-0.578721
-0.047129
0.178782
0.025922
-0.432911
-1.006898
-1.460146
-1.601859
-1.359283
-0.805572
-0.131923
0.425376
0.675114
0.544108
0.105070
-0.451259
-0.889057
-1.017586
-0.764146
-0.201934
0.477821
1.038806
1.289796
1.157603
0.714944
0.152574
-0.293660
-0.432988
-0.192666
0.354160
1.016323
1.557577
1.786778
1.630823
1.162522
0.572733
0.097410
-0.072562
0.135682
0.649125
1.276728
1.782385
1.975091
1.781887
1.275731
0.647629
0.133688
-0.075054
0.094419
0.569244
1.158535
1.626338
1.781795
1.552097
1.010345
0.347686
-0.199638
-0.440456
-0.301625
0.144113
0.705987
1.148150
1.279847
1.028363
0.466883
-0.213366
-0.776072
-1.030006
-0.901970
-0.464665
0.091172
0.529718
0.660232
0.410004
-0.147785
-0.821924
-1.376124
-1.619189
-1.477965
-1.025204
-0.451704
0.006642
0.159016
-0.067379
-0.599456
-1.246105
-1.771145
-1.983496
-1.810123
-1.323908
-0.715778
-0.221763
-0.032823
-0.221899
-0.716050
-1.324315
-1.810667
-1.984176
-1.771961
-1.247057
-0.600545
-0.068605
0.157654
0.005143
-0.453341
-1.026979
-1.479877
-1.621240
-1.378314
-0.824253
-0.150253
0.407396
0.657485
0.526830
0.088143
-0.467836
-0.905283
-1.033462
-0.779671
-0.217109
0.462996
1.024331
1.275670
1.143826
0.701516
0.139495
-0.306391
-0.445372
-0.204704
0.342469
1.004977
1.546577
1.776121
1.620510
1.152552
0.563105
0.088123
-0.081508
0.127076
0.640857
1.268798
1.774792
1.967833
1.774963
1.269141
0.641371
0.127762
-0.080651
0.089151
0.564303
1.153920
1.622048
1.777828
1.548452
1.007020
0.344680
-0.202327
-0.442829
-0.303683
0.142367
0.704551
1.147024
1.279028
1.027849
0.466674
-0.213274
-0.775680
-1.029315
-0.900982
-0.463383
0.092746
0.531582
0.662385
0.412443
-0.145062
-0.818919
-1.372840
-1.615627
-1.474127
-1.021093
-0.447323
0.011292
0.163932
-0.062200
-0.594015
-1.240405
-1.765189
-1.977286
-1.803662
-1.317197
-0.708821
-0.214563
-0.025382
-0.214219
-0.708134
-1.316167
-1.802288
-1.975569
-1.763130
-1.238004
-0.591272
-0.059116
0.167356
0.015056
-0.443220
-1.016653
-1.469350
-1.610514
-1.367392
-0.813138
-0.138948
0.418888
0.669160
0.538685
0.100175
-0.455629
-0.892905
-1.020915
-0.766960
-0.204236
0.476027
1.037517
1.289007
1.157313
0.715147
0.153268
-0.292480
-0.431325
-0.190525
0.356776
1.019410
1.561131
1.790794
1.635298
1.167452
0.578113
0.103236
-0.066295
0.142387
0.656262
1.284294
1.790375
1.983500
1.790711
1.284965
0.657269
0.143729
-0.064618
0.105247
0.580458
1.170130
1.638310
1.794138
1.564807
1.023416
0.361113
-0.185860
-0.426332
-0.287160
0.158913
0.721118
1.163606
1.295623
1.044452
0.483282
-0.196664
-0.759073
-1.012714
-0.884391
-0.446805
0.109308
0.548124
0.678903
0.428933
-0.128603
-0.802495
-1.356454
-1.599283
-1.457828
-1.004843
-0.431125
0.027434
0.180014
-0.046181
-0.578063
-1.224524
-1.749382
-1.961555
-1.788012
-1.301632
-0.693344
-0.199177
-0.010090
-0.199026
-0.693043
-1.301180
-1.787410
-1.960803
-1.748480
-1.223472
-0.576863
-0.044832
0.181512
0.029079
-0.429332
-1.002904
-1.455743
-1.597052
-1.354078
-0.799976
-0.125941
0.431737
0.681847
0.551208
0.112531
-0.443444
-0.880893
-1.009081
-0.755306
-0.192765
0.487312
1.048613
1.299912
1.168022
0.725659
0.163579
-0.282372
-0.421424
-0.180833
0.366256
1.028674
1.570178
1.799621
1.643902
1.175830
0.586262
0.111154
-0.058610
0.149835
0.663471
1.291262
1.797099
1.989977
1.796940
1.290943
0.662993
0.149197
-0.059408
0.110196
0.585144
1.174552
1.642464
1.798023
1.568420
1.026755
0.364176
-0.183074
-0.423826
-0.284935
0.160854
0.722773
1.164973
1.296701
1.045239
0.483775
-0.196465
-0.759170
-1.013109
-0.885086
-0.447801
0.108009
0.546520
0.676993
0.426716
-0.131129
-0.805331
-1.359601
-1.602743
-1.461603
-1.008933
-0.435532
0.022710
0.174971
-0.051544
-0.583747
-1.230530
-1.755710
-1.968208
-1.794990
-1.308935
-0.700973
-0.207133
-0.018375
-0.207639
-0.701985
-1.310453
-1.797013
-1.970737
-1.758745
-1.234070
-0.587793
-0.056094
0.169916
0.017150
-0.441595
-1.015500
-1.468673
-1.610317
-1.367677
-0.813909
-0.140209
0.417135
0.666911
0.535939
0.096927
-0.459381
-0.897164
-1.025685
-0.772243
-0.210034
0.469712
1.030681
1.281649
1.149428
0.706735
0.144326
-0.301954
-0.441334
-0.201070
0.345693
1.007786
1.548965
1.778084
1.622042
1.153648
0.563760
0.088332
-0.081750
0.126378
0.639698
1.267173
1.772697
1.965263
1.771915
1.265608
0.637351
0.123248
-0.085662
0.083639
0.558286
1.147393
1.615007
1.770270
1.540372
0.998415
0.335545
-0.211995
-0.453034
-0.314428
0.131078
0.692716
1.134637
1.266088
1.014352
0.452616
-0.227895
-0.790867
-1.045072
-0.917312
-0.480288
0.075264
0.513520
0.643740
0.393212
-0.164880
-0.839328
-1.393840
-1.637222
-1.496319
-1.043884
-0.470713
-0.012701
0.139335
-0.087402
-0.619825
-1.266824
-1.792219
-2.004927
-1.831916
-1.346066
-0.738305
-0.244663
-0.056099
-0.245555
-0.740088
-1.348741
-1.835482
-2.009384
-1.797566
-1.273062
-0.626952
-0.095417
0.130433
-0.022490
-0.481388
-1.055443
-1.508761
-1.650546
-1.408045
-0.854411
-0.180841
0.376376
0.626029
0.494938
0.055811
-0.500608
-0.938498
-1.067122
-0.813779
-0.251665
0.427989
0.988872
1.239757
1.107458
0.664691
0.102211
-0.344134
-0.483576
-0.243369
0.303340
0.965384
1.506519
1.735598
1.579520
1.111095
0.521179
0.045729
-0.124372
0.083743
0.597054
1.224525
1.730048
1.922619
1.729279
1.222986
0.594747
0.080667
-0.128216
0.041117
0.515800
1.104949
1.572608
1.727922
1.498079
0.956182
0.293376
-0.254093
-0.495059
-0.356374
0.089215
0.650941
1.092956
1.224505
0.972871
0.411243
-0.269156
-0.832011
-1.086094
-0.958207
-0.521051
0.034637
0.473034
0.603400
0.353023
-0.204914
-0.879201
-1.433548
-1.676760
-1.535681
-1.083066
-0.509711
-0.051509
0.100721
-0.125817
-0.658036
-1.304826
-1.830006
-2.042496
-1.869262
-1.383183
-0.775189
-0.281309
-0.092502
-0.281710
-0.775992
-1.384387
-1.870867
-2.044502
-1.832413
-1.307632
-0.661241
-0.129421
0.096720
-0.055908
-0.514506
-1.088256
-1.541265
-1.682736
-1.439916
-0.885960
-0.212062
0.345488
0.595478
0.464728
0.025948
-0.530120
-0.967655
-1.095919
-0.842211
-0.279729
0.400299
0.961559
1.212827
1.080914
0.638538
0.076454
-0.369492
-0.508530
-0.267915
0.279207
0.941668
1.483224
1.712728
1.557080
1.089088
0.499611
0.024603
-0.145052
0.063513
0.577278
1.205207
1.711193
1.904229
1.711359
1.205540
0.577778
0.064180
-0.144217
0.025605
0.500781
1.090426
1.558586
1.714403
1.485068
0.943682
0.281391
-0.265560
-0.506004
-0.366795
0.079324
0.641582
1.084132
1.216219
0.965127
0.404044
-0.275807
-0.838111
-1.091639
-0.963194
-0.525478
0.030773
0.469737
0.600673
0.350868
-0.206494
-0.880202
-1.433969
-1.676597
-1.534932
-1.081728
-0.507782
-0.048986
0.103841
-0.122098
-0.653716
-1.299902
-1.824476
-2.036358
-1.862512
-1.375821
-0.767212
-0.272715
-0.083289
-0.271876
-0.765535
-1.373305
-1.859157
-2.032164
-1.819444
-1.294031
-0.647006
-0.114550
0.112228
-0.039761
-0.497719
-1.070827
-1.523193
-1.664020
-1.420555
-0.865951
-0.191405
0.366794
0.617435
0.487336
0.049209
-0.506207
-0.943087
-1.070696
-0.816332
-0.253193
0.427492
0.989410
1.241336
1.110083
0.668366
0.106942
-0.338344
-0.476721
-0.235445
0.312338
0.975460
1.517677
1.747843
1.592856
1.125526
0.536709
0.062362
-0.106632
0.102593
0.617018
1.245607
1.752252
