5.419093
1.205175
0.665541
2.174011
1.358076
0.690329
-1.567216
0.067557
-1.343917
-0.466135
0.319295
-3.052639
0.652825
1.486000
-0.074267
-0.812648
0.504776
2.742238
-1.390739
-0.127660
0.547366
-0.780608
1.273873
-0.665329
-0.054684
0.869738
2.697125
1.939777
-0.745905
4.117829
2.936332
0.456470
1.080176
0.545620
1.127426
-1.485084
-0.814839
-1.931800
-2.025613
1.052637
-2.698142
-1.585554
1.168386
1.330853
0.220941
-0.628592
3.332903
1.018373
0.341213
1.471580
-0.655828
1.619002
0.718573
-0.129004
-0.425365
1.405447
3.267697
-1.324875
1.238276
2.986862
0.808172
0.695371
-0.600163
0.703603
-1.013932
-0.840197
-1.486318
-3.605117
0.846572
-0.744683
-2.256134
-0.056330
1.725161
2.305494
-0.558688
2.613458
2.625570
1.069999
2.586549
-0.374455
0.706702
1.258598
0.487173
-1.079704
-1.352725
3.008816
-0.442513
-1.171393
1.515411
0.627005
1.030510
-0.836017
0.045716
-0.741626
-0.632505
0.274649
-3.818458
-0.565629
1.014480
-1.050950
-0.717098
0.651018
3.594031
0.732629
1.688251
3.036582
1.062351
3.219444
0.607341
-0.494842
0.298539
0.644335
-0.369883
-3.686352
0.708467
0.541074
-1.970486
0.000532
-0.276677
1.186145
-0.036567
0.141784
-0.320782
-0.947986
2.174974
-1.907047
-1.971473
1.205586
0.564435
0.005036
-0.787971
2.972528
1.946340
1.108897
2.910850
0.309032
2.453054
1.753083
-0.728828
-1.210484
-0.609584
0.815258
-3.913923
-2.224866
0.432893
-1.683543
-0.422283
-0.961666
0.717722
0.843717
1.000645
1.005426
-1.472590
2.629259
1.114776
-1.933110
0.184884
0.869120
1.285807
-1.309974
1.016375
1.954653
0.398611
2.699861
-0.187171
0.459848
1.882632
0.070011
-1.579522
-2.658870
0.960922
-2.150624
-3.805529
-0.511599
-1.437673
-0.041375
-0.600462
0.210761
1.075846
1.523022
3.064246
-1.050270
1.331047
3.148583
-0.427538
-0.567469
-0.369908
1.557602
-0.864553
-0.884560
0.962169
-0.949214
1.963651
0.278785
-1.302040
0.648250
0.694322
-0.198156
-3.662771
-0.323707
-0.026711
-3.327287
-1.070934
-1.520239
0.078614
0.408843
0.372000
1.022440
0.824988
4.392191
0.819128
-0.374063
2.953001
1.044595
-0.206853
-1.820705
0.247002
-0.457639
-2.034688
0.028666
-2.402136
0.157380
1.127467
-1.478960
-0.780895
0.140817
1.748927
-2.385104
-1.816893
1.056991
-1.788913
-0.616612
-1.278024
-0.473217
0.871367
0.876871
1.463219
-0.581803
3.549526
3.025150
-0.922164
1.257865
1.060114
0.607588
-2.140339
-1.641861
-0.747765
-2.782584
-0.333564
-2.738438
-2.179487
1.125503
-0.276735
-0.825119
-1.091377
2.511604
0.477469
-2.020454
1.141749
-0.573044
0.163138
-0.309842
-1.040787
0.243125
0.564592
2.265979
-1.257400
0.740531
3.727392
-0.169432
-0.147342
-0.215491
0.662296
-1.314192
-2.687168
-1.216603
-3.485931
-0.691391
-1.494500
-3.511715
-0.069260
0.745322
0.745914
-1.466854
1.580702
2.941609
-0.771275
1.153056
-0.024849
0.195360
0.705286
-0.939487
-0.705463
-1.113640
2.189351
-0.489887
-2.156129
2.221759
0.610200
-0.287462
-1.293852
-0.272910
-0.334009
-2.509440
-0.925517
-3.613080
-1.709444
0.273309
-2.816158
-1.343113
0.383354
2.418266
-0.169324
0.066402
3.621223
0.696175
1.466458
0.477341
-0.605006
0.695407
-0.524928
-0.863578
-3.140669
0.260427
0.800041
-3.310737
-0.284083
0.304020
0.237984
-1.033955
-1.177164
0.184736
-1.846108
0.142234
-2.279404
-2.958169
0.969504
-0.816718
-1.327980
-0.922185
2.434065
1.869376
-0.675869
2.784454
1.209077
1.437935
1.280177
-1.239049
-0.415082
-0.826126
-0.213898
-3.765793
-2.821590
1.028791
-2.586484
-1.881085
-0.758230
0.301027
0.225211
-1.042921
0.644416
-1.325840
0.900333
0.380874
-3.133067
0.153186
0.595922
-0.029466
-1.675021
0.564809
2.866681
-0.498287
1.584695
0.861266
0.423672
1.766818
-0.907618
-1.399271
-2.108689
0.071216
-2.322278
-5.003474
-0.274466
-1.359594
-1.815698
-1.282459
-0.307350
1.273795
-0.079899
1.614059
-0.610929
0.445347
2.804637
-1.571889
-1.012823
0.252738
1.045734
-1.073984
-1.763816
1.998006
-0.342074
0.599878
0.602098
-1.094973
1.153840
-0.048386
-1.029591
-3.179280
-0.922161
0.010959
-4.745730
-1.923352
-0.848997
-0.973754
-0.600853
-0.770530
1.490484
0.609492
2.681560
0.959732
-0.745146
3.305489
0.728616
-1.113613
-1.153795
0.489907
0.111619
-3.022891
0.094756
-0.846693
-0.525414
0.858688
-1.812077
-0.258855
0.210790
0.476343
-2.471048
-2.559766
1.403408
-2.458161
-2.381209
-0.920458
-0.610079
0.550103
-0.477236
1.340037
0.438908
2.620665
3.064009
-1.234826
1.765727
1.934302
-0.087529
-1.925106
-1.458744
0.508154
-2.981879
-1.437327
-1.483651
-2.060940
0.981909
-1.063765
-1.090364
-0.451652
1.609209
0.182481
-3.134752
1.201346
0.033183
-1.403744
-0.636076
-0.932473
0.946139
0.065969
1.407307
0.045881
0.835000
4.208959
-0.272668
-0.211997
1.240088
0.767222
-1.202778
-3.151354
-0.258183
-2.467267
-2.088221
-1.279596
-3.291423
0.209902
0.314745
-0.341219
-0.978011
1.227725
3.114993
-1.672662
0.370992
1.326144
-0.160252
0.305300
-1.160020
0.310401
-0.150049
1.341448
0.391395
-1.647161
3.145588
1.263413
-0.937233
-0.295354
0.365692
0.265927
-3.230324
-1.213429
-2.016991
-2.390981
-0.176847
-3.064974
-1.111363
0.863665
1.341552
-0.105521
-0.161190
4.325431
0.956456
0.172310
1.538698
0.202311
1.087421
-0.786262
-0.484950
-1.247715
0.194102
1.367141
-2.964094
0.357986
1.789547
-0.266496
-0.900406
-0.869021
1.181423
-1.856673
-1.274649
-1.223606
-2.763459
0.731256
-1.230979
-1.692698
0.149503
2.175938
2.011946
-0.984044
3.319332
2.880509
0.703250
1.608854
-0.203965
0.827803
-0.327972
-0.633968
-2.090361
-2.162979
1.702899
-2.255991
-2.163015
0.788608
0.527261
0.061795
-1.487275
1.187615
-0.192391
-0.509601
0.435888
-2.677748
0.460744
0.842985
-0.796795
-0.752720
1.093371
3.674076
-0.372759
1.335888
3.061453
0.993089
1.877755
-0.379619
-0.206336
-0.575664
-0.447367
-1.518216
-4.337123
0.423003
-0.506714
-2.760467
-0.607446
0.377055
1.582540
-0.663048
1.037210
1.038141
0.099302
2.442458
-1.316326
-0.623494
1.499187
0.709115
-0.553560
-1.109780
3.269554
0.913031
-0.140516
2.087161
0.395851
1.752154
0.173577
-0.799004
-1.329757
-0.871209
0.216323
-4.510323
-1.826805
0.568967
-1.608702
-0.897090
-0.403285
2.273260
0.932179
1.371796
2.097204
0.016158
3.383018
1.082995
-1.155030
0.492285
1.119389
0.678326
-2.606301
0.909224
1.430220
-0.794460
1.177244
-0.508690
0.760799
0.837926
-0.220064
-1.341698
-2.045923
1.570481
-2.278817
-3.221984
0.330903
-0.280382
0.131560
-0.691556
1.828476
1.986992
1.758845
3.334887
-0.124817
2.420999
2.986212
-0.369561
-0.774925
-0.263281
1.523278
-2.404106
-1.725099
0.696733
-1.291462
0.739482
-0.622364
-0.479149
0.792747
0.858695
0.270455
-2.756382
1.354165
0.814272
-2.587148
-0.310430
0.027800
1.247668
-0.053259
1.028527
2.017036
1.246097
4.170443
0.614872
0.378350
2.965098
0.929296
-0.798108
-2.272137
0.816302
-1.167528
-3.072287
-0.385892
-1.971030
0.203139
0.262932
-0.759364
0.245627
1.141845
2.751914
-1.627511
0.037150
2.714762
-0.589901
-0.183441
-0.419226
1.223740
0.711964
0.489860
1.665825
-0.260490
3.450367
2.087388
-0.962283
1.248326
1.245533
0.428705
-3.016038
-1.001154
-0.200418
-2.997374
-0.730504
-2.203569
-0.833136
1.140769
0.260357
0.325840
0.301042
4.195118
1.205468
-0.795292
2.725218
1.020923
0.696507
-0.590393
0.137524
0.607438
-0.131849
1.579801
-1.585584
0.909119
2.939997
-0.666279
-0.403352
0.141663
1.540496
-1.767936
-2.330365
0.070996
-2.381574
-0.350340
-1.248055
-1.750187
0.994052
1.442855
1.636851
-0.546968
3.396524
3.917044
-0.218173
1.822928
1.232628
1.223140
-0.125459
-0.934312
-0.276977
-1.453385
1.388383
-1.489669
-2.062075
2.067731
0.455367
-0.470626
-1.173001
1.429089
0.454638
-2.109270
0.317114
-1.750683
-0.178105
0.522042
-1.550186
0.059121
1.306000
3.209812
-0.121869
1.066682
4.635082
1.063193
1.255938
0.600769
0.632861
0.297860
-1.305785
-0.861293
-3.122478
0.173247
-0.128621
-3.472574
-0.012866
0.874687
0.823671
-1.131578
0.444271
2.124144
-0.793730
1.112629
-0.739139
-0.724185
1.692902
-0.239689
-0.442345
-0.307522
3.263479
1.440810
-0.945651
3.163710
1.617319
1.164966
0.294694
-0.521725
0.032155
-1.369357
-0.448506
-3.747666
-2.098000
1.008300
-2.616743
-1.542654
0.101615
1.908966
0.480908
-0.171390
2.710358
0.403822
1.954573
1.011002
-1.320642
1.269841
0.847855
0.158319
-1.964975
1.077610
2.586792
-1.520358
0.952359
0.942281
0.780057
0.648768
-1.035911
-0.501816
-1.768360
0.342797
-2.320238
-4.014565
0.709350
-0.720751
-1.326905
-0.850496
1.626175
2.320914
0.171668
2.768269
0.961108
1.793353
2.814352
-0.951325
-0.163487
0.390755
1.026759
-2.155435
-2.096132
1.980779
-1.147279
-0.525159
-0.067663
-0.251071
0.966599
-0.501250
-0.229052
-2.205066
0.301514
0.463945
-3.935821
-0.624281
0.385026
0.034337
-0.763919
0.333409
2.940676
0.778767
2.748201
1.395094
0.434717
3.291385
0.343661
-1.029146
-1.367666
0.693120
-0.891611
-4.149037
-0.060505
-0.972209
-1.085856
-0.303014
-1.189221
0.672856
0.264928
1.148937
-1.542237
-0.817699
2.629314
-1.736514
-1.467752
0.094895
0.862118
0.306049
-0.779251
2.177639
0.657007
2.208526
2.192392
-0.983744
1.876480
1.292220
-0.493166
-2.696832
-1.189211
0.398248
-4.057203
-1.942134
-1.299707
-1.477103
0.236805
-1.070552
0.221425
0.330706
2.505911
0.753876
-1.812687
2.776508
0.910919
-0.923195
-0.630098
0.214252
1.111491
-1.166489
0.957807
-0.175634
0.498491
2.810025
-1.154426
-0.307809
0.799226
0.633922
-2.122814
-3.238158
0.509906
-2.571017
-2.479837
-1.365468
-2.038262
0.571740
-0.012531
0.519601
-0.106486
2.371037
3.550239
-1.315748
1.367726
2.122908
0.293398
-0.633103
-1.245783
0.691428
-1.364999
-0.038927
-0.715811
-1.980704
2.150505
-0.088681
-1.407783
-0.671035
0.887644
0.052927
-3.654034
-0.283551
-1.070386
-1.949527
-0.539367
-2.175407
0.080917
0.747490
1.562297
0.052746
0.591345
