5.415718
2.255628
1.638223
2.453669
0.295478
-0.205438
-1.963758
-0.480945
0.399870
-2.306027
0.734600
1.550207
-0.255110
0.592222
-0.112259
0.820193
-0.823989
-2.153422
1.228531
-0.635495
-1.285530
0.963512
0.263932
0.639663
-0.894623
-0.093498
1.534291
-1.664884
0.352642
2.437784
1.249502
2.622039
2.588220
3.973375
2.936686
-0.064889
2.155033
0.089043
-2.523312
-1.039802
-1.494759
-0.508031
-1.121214
-0.241951
2.855525
-0.029422
0.220648
1.856440
-0.525166
-0.752790
-1.738040
-0.633611
-0.121793
-2.566089
0.753722
1.424606
-0.566134
1.167058
0.952804
1.577239
0.573970
-0.039275
3.367231
1.363111
0.939673
3.568649
2.084629
1.735712
0.267554
0.159218
0.526707
-3.314190
-1.637005
-0.111535
-2.042445
-0.162552
0.551689
1.804428
1.407329
-0.553261
2.040663
-0.113972
-2.662449
-0.676800
-1.595706
-1.269143
-1.323182
-0.249462
2.655802
0.187935
1.307187
3.588093
1.077829
1.364909
1.146384
1.687556
1.776519
-0.598803
2.299038
2.032908
-0.837163
0.797563
-0.117377
-0.749354
-1.776142
-2.364720
0.556401
-1.467566
-1.255500
2.177034
0.709215
0.806859
0.487678
0.329555
0.385849
-3.178255
-1.441263
-0.321913
-2.728101
-0.279160
0.949531
1.945228
2.331760
1.449916
4.296974
2.212925
-0.070963
2.203652
0.453862
-0.207661
-0.303914
-0.074520
1.584386
-1.322775
-0.383221
1.476385
-1.727436
-1.171764
-0.806438
-0.689797
-0.333380
-1.771557
1.455493
1.268040
-1.268195
1.135716
0.141053
-1.076233
-1.608534
-2.102597
0.254830
-1.659331
-0.845136
3.124062
1.672864
2.416309
3.254285
2.934599
2.736155
-0.578576
0.686200
0.710521
-2.792650
-0.739700
-0.245013
-0.560150
-0.182945
-0.793599
1.666326
-0.354572
-2.042722
0.859990
-1.012024
-1.558688
-0.663985
-0.443967
0.908271
-1.467870
-0.196011
1.502743
-1.998549
-0.979981
-0.182627
-0.590472
0.146574
-0.364838
2.995144
2.962979
0.957292
3.969390
2.622005
0.642993
0.178333
-1.099365
-0.274995
-2.919943
-2.591791
0.703325
-1.490483
-0.536556
1.092410
0.598267
0.725567
-1.509585
0.034525
-0.027295
-3.381826
-0.815023
-0.413126
-1.337646
-0.404642
-0.601575
1.457897
-0.305210
-1.338955
1.972844
-0.015647
-0.250911
1.616733
1.681047
2.753760
0.907981
2.065994
3.009164
-1.273326
-0.604430
-0.528981
-2.487111
-2.214012
-2.726044
-0.073857
-0.209611
-1.564291
2.214270
1.087421
-0.589295
0.081504
-1.061669
-0.740646
-3.048189
-2.595702
0.319484
-2.209431
-0.830446
1.439611
0.677810
1.266077
0.153187
1.833839
1.786149
-1.176817
1.780704
1.822948
0.136853
1.244300
0.650591
1.406952
-0.868542
-2.252962
0.270522
-2.650092
-3.108003
-0.805880
-1.132319
0.005444
-0.670760
1.000556
2.122013
-1.661936
-0.312635
-0.182253
-2.839805
-2.333131
-2.611578
-0.658788
-0.739568
-1.413785
2.863395
1.914924
0.751621
2.592120
1.514140
1.444570
-0.428318
-0.198286
1.784987
-1.532018
-0.503464
1.254465
-0.810171
-0.618386
-1.556524
-0.637122
-1.044121
-3.616011
-0.266549
-0.209782
-1.758928
0.471205
0.338905
0.828066
-0.805864
-1.764735
0.424148
-2.875874
-3.208912
-0.568829
-1.398043
-0.125169
0.334689
2.308920
3.651546
0.634712
2.635685
2.663159
-0.701490
-0.194721
-0.936387
-0.533137
-1.335062
-2.358176
1.138595
-0.564654
-1.840981
0.530716
-0.825938
-1.050346
-1.949411
-1.407083
0.460623
-2.446368
-0.762470
1.254206
-1.209913
-0.603423
-0.984764
-0.673732
-1.172495
-3.229491
0.269666
0.241361
-1.027367
2.283441
2.477996
2.793824
1.952023
1.204785
2.652222
-1.320703
-2.138592
-0.228092
-2.589147
-2.098676
-1.569934
-0.356173
0.635000
-1.772366
0.760449
0.944517
-2.285881
-0.851017
-1.210711
-1.330593
-1.699123
-2.257962
0.942728
-0.919972
-1.862582
1.041560
-0.620327
-0.852664
-0.759316
-0.100660
1.646302
-0.631102
1.650035
3.731372
0.881642
1.760852
1.371727
0.373476
-0.857730
-3.309145
-0.905390
-2.027134
-3.766478
-0.204687
-0.263252
-0.107360
0.209631
0.109840
1.575552
-1.859048
-2.073138
-0.051153
-2.974214
-2.387534
-1.362603
-0.732440
0.180728
-1.455727
1.412658
1.677143
-1.222300
1.151463
1.060985
0.518340
0.735435
0.446969
2.955889
0.673683
-0.446826
2.019828
-0.886607
-1.961453
-1.908497
-2.236100
-1.318189
-3.304790
-0.757221
1.396550
-1.198194
0.761619
1.157986
-0.095443
-0.810328
-2.690822
-0.760468
-2.286451
-3.964105
-0.123632
-0.491502
-0.383502
1.084363
1.433031
2.916848
0.287711
0.711033
2.715080
-0.691454
-0.078194
0.925134
0.300802
0.515203
-1.217798
0.773177
0.102570
-3.216919
-0.772257
-1.283666
-2.387643
-1.401897
-1.173734
1.208455
-0.426711
-0.676113
2.209547
-0.887174
-1.765640
-1.151616
-2.137460
-1.681578
-3.164120
-0.550753
1.516289
-0.702537
2.300176
3.338044
1.954111
1.989193
0.617961
1.807590
-0.276165
-2.292262
0.908383
-0.717895
-1.517468
0.018411
-0.355687
0.345567
-1.901761
-1.249973
0.615848
-2.764272
-1.432965
0.213129
-0.717370
-0.010898
-0.856201
0.951186
0.137687
-2.900795
-0.192714
-1.071307
-2.551860
-0.791242
-0.287992
1.872572
1.059535
1.679386
4.841959
1.684416
1.069595
1.887661
-0.267875
-0.766100
-2.521694
-1.036119
-0.152508
-2.855574
0.187919
1.006424
-0.795960
0.054339
-0.647141
0.288344
-1.352772
-2.679105
0.705980
-1.154884
-1.801723
0.450546
-0.245776
0.133246
-1.397721
-0.593245
1.037926
-2.157838
-0.136872
1.951742
0.766959
2.143025
2.112762
3.501503
2.468427
-0.529507
1.694084
-0.368210
-2.976843
-1.489584
-1.940765
-0.950236
-1.559592
-0.676476
2.424877
-0.456168
-0.202171
1.437571
-0.940060
-1.163686
-2.144915
-1.036442
-0.520558
-2.960766
0.363156
1.038173
-0.948414
0.788952
0.578893
1.207543
0.208509
-0.400482
3.010298
1.010471
0.591344
3.224650
1.744976
1.400425
-0.063351
-0.167288
0.204616
-3.631849
-1.950216
-0.420283
-2.346715
-0.462329
0.256420
1.513681
1.121117
-0.834924
1.763561
-0.386499
-2.930389
-0.940141
-1.854437
-1.523252
-1.572658
-0.494295
2.415623
-0.047581
1.076345
3.361933
0.856360
1.148138
0.934321
1.480209
1.573893
-0.796699
2.105878
1.844491
-1.020832
0.618647
-0.291533
-0.918747
-1.940766
-2.524572
0.401325
-1.617863
-1.401014
2.036306
0.573274
0.675707
0.361317
0.207986
0.269073
-3.290236
-1.548452
-0.424308
-2.825703
-0.371970
0.861512
1.861998
2.253316
1.376257
4.228097
2.148827
-0.130286
2.149101
0.404078
-0.252683
-0.344177
-0.110031
1.553623
-1.348797
-0.404508
1.459826
-1.739273
-1.178888
-0.808856
-0.687515
-0.326409
-1.759905
1.471817
1.289028
-1.242554
1.166000
0.175969
-1.036694
-1.564385
-2.053848
0.308167
-1.601418
-0.782660
3.191088
1.744427
2.492396
3.334882
3.019692
2.825729
-0.484534
0.784693
0.813451
-2.685299
-0.627943
-0.128868
-0.439633
-0.058072
-0.664389
1.799857
-0.216740
-1.900605
1.006372
-0.861395
-1.403830
-0.504918
-0.280712
1.075695
-1.296297
-0.020310
1.682551
-1.814654
-0.792022
0.009375
-0.394449
0.346596
-0.160840
3.203095
3.174861
1.173081
4.189062
2.845537
0.870360
0.409511
-0.864401
-0.036269
-2.677482
-2.345619
0.953182
-1.236967
-0.279408
1.353165
0.862601
0.993454
-1.238173
0.309436
0.251086
-3.100003
-0.529786
-0.124503
-1.045666
-0.109332
-0.302966
1.759776
-0.000089
-1.030623
2.284358
0.299018
0.066875
1.937610
2.004984
3.080726
1.237945
2.398925
3.345030
-0.934557
-0.262788
-0.184500
-2.139821
-1.863947
-2.373235
0.281662
0.148585
-1.203451
2.577722
1.453451
-0.220721
0.452589
-0.688107
-0.364641
-2.669775
-2.214913
0.702614
-1.823996
-0.442740
1.829554
1.069955
1.660389
0.549630
2.232378
2.186749
-0.774192
2.185319
2.229518
0.545341
1.654671
1.062808
1.820980
-0.452740
-1.835422
0.689764
-2.229186
-2.685468
-0.381753
-0.706636
0.432645
-0.242077
1.430684
2.553549
-1.229029
0.121606
0.253285
-2.403008
-1.895111
-2.172372
-0.218435
-0.298103
-0.971247
3.306968
2.359496
1.197154
3.038577
1.961483
1.892761
0.020684
0.251491
2.235500
-1.080806
-0.051592
1.706961
-0.357089
-0.164756
-1.102383
-0.182508
-0.589071
-3.160561
0.189261
0.246352
-1.302508
0.927875
0.795786
1.285121
-0.348671
-1.307443
0.881503
-2.418493
-2.751542
-0.111508
-0.940808
0.331945
0.791643
2.765679
4.108073
1.090970
3.091637
3.118770
-0.246258
0.260096
-0.482020
-0.079257
-0.881705
-1.905377
1.590799
-0.113080
-1.390074
0.980922
-0.376469
-0.601648
-1.501521
-0.960036
0.906794
-2.001109
-0.318158
1.697537
-0.767598
-0.162158
-0.544583
-0.234669
-0.734583
-2.792765
0.705172
0.675615
-0.594399
2.715091
2.908293
3.222737
2.379518
1.630831
3.076786
-0.897654
-1.717089
0.191833
-2.170831
-1.682002
-1.154932
0.057125
1.046564
-1.362566
1.168453
1.350696
-1.881559
-0.448581
-0.810189
-0.932017
-1.302521
-1.863363
1.335295
-0.529466
-1.474166
1.427859
-0.236174
-0.470684
-0.379537
0.276890
2.021597
-0.258090
2.020739
4.099740
1.247648
2.124471
1.732932
0.732242
-0.501428
-2.955332
-0.554091
-1.678374
-3.420281
0.138924
0.077747
0.231006
0.545340
0.442867
1.905876
-1.531449
-1.748287
0.270928
-2.654924
-2.071058
-1.048960
-0.421652
0.488640
-1.150711
1.714757
1.976307
-0.926091
1.444697
1.351225
0.805568
1.019631
0.728116
3.233970
0.948679
-0.174932
2.288604
-0.620966
-1.698964
-1.649176
-1.979962
-1.065251
-3.055066
-0.510726
1.639800
-0.958203
0.998338
1.391418
0.134690
-0.583508
-2.467327
-0.540312
-2.069646
-3.750662
0.086436
-0.284819
-0.180216
1.284242
1.629492
3.109881
0.477307
0.897181
2.897771
-0.512228
0.097559
1.097404
0.469582
0.680485
-1.056021
0.931441
0.257316
-3.065699
-0.624569
-1.139514
-2.247034
-1.264836
-1.040226
1.338405
-0.300322
-0.553289
2.328801
-0.771492
-1.653534
-1.043088
-2.032513
-1.580213
-3.066339
-0.456558
1.606898
-0.615516
2.383608
3.417889
2.030367
2.061862
0.687043
1.873085
-0.214254
-2.233934
0.963131
-0.666726
-1.469875
0.062431
-0.315237
0.382450
-1.868441
-1.220211
0.642056
-2.741613
-1.413851
0.228705
-0.705328
-0.002384
-0.851207
0.952665
0.135658
-2.906325
-0.201737
-1.083815
-2.567846
-0.810697
-0.310907
1.846204
1.029725
1.646143
