5.419987
1.542185
1.830451
1.172134
-1.304598
-0.583250
-0.255287
0.735494
-0.887314
1.852178
-0.770892
-1.375087
1.205806
-1.530680
0.826636
0.668207
0.120103
-1.247941
-0.697384
-1.035297
-2.016241
2.889304
1.110812
3.086831
4.115175
1.311690
1.307605
0.189520
0.415625
-1.144946
1.898729
0.295695
-0.697785
1.705804
-1.923638
-0.049533
0.337547
0.425948
0.275851
0.634365
-0.290309
-3.233946
-0.073306
-2.463455
-0.406686
2.688422
1.531702
3.159299
2.300800
1.891770
-0.482740
1.617554
0.526820
-0.348725
2.859323
-0.848434
0.218370
0.040475
-0.620009
-0.039461
1.100162
1.624469
-1.031060
1.282497
-2.555999
-2.950353
-0.712922
-2.160409
0.822941
1.699030
2.599952
0.952891
2.344069
1.012308
-0.649665
3.007091
-0.020969
1.323201
1.395897
-0.370780
-0.458646
-0.127124
1.016743
-0.443021
3.159130
0.481117
-0.846310
0.174504
-3.608752
-2.165026
-1.662448
-0.172085
-0.160412
2.075986
1.668626
-0.569806
2.735993
-0.340907
1.116116
2.370766
0.856389
0.966548
0.216007
0.346461
-1.783874
1.902472
0.969198
0.865397
3.425206
-0.593718
-0.500376
-1.853280
-2.344394
-2.805470
-0.611488
0.360717
-1.231781
2.468458
-0.664537
-0.000364
1.636846
0.386132
1.730298
1.577786
1.737450
-1.199583
0.873699
-0.528932
-0.958553
3.209155
0.947387
2.448250
1.698610
-0.000900
-1.884373
-1.763924
-1.399265
-3.168919
1.127848
-1.134401
-0.809657
0.827332
-1.222350
0.319389
0.813248
2.118623
0.306459
2.141087
0.293721
-2.027867
1.230623
-1.179989
1.260651
2.687118
2.423365
1.657377
0.972237
0.239582
-3.151990
0.098840
-1.937777
-1.688921
0.660387
-1.871577
-0.878741
-1.053294
0.072971
-0.736491
2.040655
1.804464
-0.611909
2.004397
-1.891262
-1.124613
0.189998
0.433836
1.761075
2.651509
3.216090
-0.267613
1.835298
-0.973069
-1.937778
0.718441
-1.745193
-0.594662
-1.153535
-1.154059
-2.605097
-0.482165
0.415718
-0.925341
3.150979
-0.077295
-0.318506
-0.194655
-1.913942
-1.085612
0.074466
2.296437
0.663985
3.746642
1.634338
-0.364031
1.848802
-1.204729
0.026081
-0.014309
-0.179745
-1.926656
-1.391874
-1.321583
-3.443575
1.204225
-0.383284
0.507986
1.790341
-0.731311
-1.161046
-1.901652
-0.716410
-2.108915
1.837746
1.785517
0.561275
3.484188
0.074476
0.736580
0.823339
0.791801
-0.025526
0.329774
0.105645
-3.551140
-0.452307
-2.553512
-1.760496
1.264769
0.062607
0.805035
-0.231832
-0.421007
-3.383851
-1.100888
-0.920425
-1.756563
2.680034
0.327696
1.187247
1.394845
0.819806
0.540702
1.316077
2.285890
-1.013166
1.437559
-1.687948
-3.024139
-0.705666
-2.101086
-0.055335
0.562847
1.452058
-1.195434
-0.411168
-1.449082
-4.045287
0.047525
-1.758392
-0.241427
1.055900
0.352725
0.162070
0.488066
2.043260
-0.216787
3.289800
1.388419
-0.648936
0.742157
-2.614188
-1.870747
-1.389378
0.309267
-0.419269
1.294297
1.012338
-2.706912
-0.025364
-3.009696
-2.454628
-0.596498
-1.036851
-0.528459
-0.521825
0.692863
-1.775913
1.848847
1.627555
0.728122
3.632170
0.265458
-0.116896
-1.224420
-1.263290
-2.134783
-0.063487
1.553581
-0.986949
2.230919
-1.019982
-2.067532
-1.018736
-2.387982
-1.575530
-1.354517
0.004743
-2.752128
-0.271854
-0.584095
-1.663535
2.753540
1.144395
2.167904
1.780257
0.672502
-1.476096
-1.349775
-0.088852
-2.262001
2.208740
0.689157
-0.078729
1.099179
-1.478096
-1.444745
-1.757421
-0.337115
-2.587417
-0.581230
-1.162222
-3.810838
-0.147694
-1.776256
0.136334
1.892836
2.247987
1.285307
0.623573
0.725251
-3.062949
0.394470
-0.444563
-0.503331
2.370439
0.326056
0.386968
-0.583323
0.040454
-2.141049
-0.250990
0.004410
-3.107987
-0.254007
-3.262640
-2.999430
-1.387040
-0.572204
0.537709
1.481741
2.884803
-1.011391
1.016409
-0.847244
-2.266500
1.058510
-0.208143
1.050613
0.895955
1.335230
-1.009564
0.038592
0.801159
-1.996973
1.521639
-1.257590
-2.278839
-2.015294
-3.273997
-2.808979
-1.703120
1.306406
-0.627216
2.359689
1.098396
-1.684946
0.622426
-1.654532
-0.475682
0.286663
1.465783
0.073247
0.683560
1.403930
-1.854427
1.953559
0.380144
-0.038698
0.937671
-1.404345
-2.459141
-3.504046
-1.811108
-3.623549
0.151262
1.068897
-0.809392
2.055895
-0.936929
-1.041464
-0.907928
-0.109793
-0.542274
0.484213
1.946069
-1.599825
1.581630
0.127058
-0.215693
2.357457
1.136442
1.006963
-0.549841
-0.523223
-4.182580
-2.447546
-1.515375
-2.985960
1.497652
-0.178330
-0.086652
-0.195125
-0.698329
-1.544456
-0.947797
1.277242
-1.656013
1.537774
0.103850
-1.367037
1.210544
0.281258
1.653472
1.853515
2.960282
-0.393857
-0.378679
-0.992145
-4.548606
-0.742707
-1.842151
-0.863944
0.461086
0.034971
-0.916208
-1.452753
0.293352
-2.614570
0.802833
0.377306
-1.472967
0.803809
-1.248269
-0.475540
0.163611
2.495545
1.462044
2.677259
2.975311
-1.691455
0.368793
-2.243717
-2.533386
-0.692183
-0.540338
-0.291090
-0.716394
0.709561
-2.824995
-0.287930
-0.160825
-1.852680
1.269714
-0.882666
-1.000109
-1.480586
-0.387877
-1.028730
1.036288
3.748779
0.839455
3.753900
1.046529
-1.013369
-0.367399
-1.454991
-0.969399
-0.846845
1.310644
-1.806645
-0.109689
-0.231697
-2.763669
0.775973
-0.644900
-0.214520
-0.458699
-0.605482
-2.441630
-2.146914
0.470635
-1.584583
3.087205
2.794165
1.583951
2.622444
0.295492
-0.338690
-1.106460
0.950565
-1.321277
0.533917
0.964352
-2.448156
0.464647
-1.276592
-0.735196
0.220819
0.651755
-0.668471
-1.641891
-0.537675
-4.338821
-0.777624
-0.159440
-0.169919
3.188901
2.086795
1.891394
0.523801
1.457688
-1.115312
0.360133
1.798595
-1.390676
1.547071
-0.673497
-1.265709
-0.415158
0.092446
0.205294
0.117967
1.798275
-2.681037
-1.206176
-2.134099
-3.864910
-0.201358
-0.223807
1.337137
1.470729
2.695829
0.126736
0.473514
1.932084
-1.245402
2.304431
0.846483
-0.176126
0.260203
-0.534117
-0.663869
-0.555582
2.440963
-0.420636
1.461307
0.547294
-3.223928
-1.407933
-3.097350
-2.048959
-0.990711
1.354721
0.381734
0.803922
2.380647
-1.424065
1.837530
1.120361
0.513212
1.908875
0.732845
-0.026448
-1.202284
1.077650
-1.226785
1.559456
2.823608
-0.160476
1.775926
-1.230858
-2.334016
-2.796373
-1.535049
-1.796013
-0.772225
2.009502
-1.506653
1.293895
0.533702
-0.512122
1.834962
1.397935
1.554798
0.298204
1.566977
-1.755957
-0.334666
1.530977
-0.494877
3.403220
2.002017
1.059800
-0.048342
-0.861453
-2.472161
-2.733733
0.276492
-2.575941
0.537958
0.284015
-1.604632
0.578237
-0.044219
0.927347
0.867664
2.913231
0.040598
0.100457
0.940534
-2.515886
1.273266
1.172494
1.835086
2.798578
2.444193
0.688410
-1.223508
0.405678
-3.256887
-0.607741
-0.026265
-2.032015
0.218677
-1.201287
-0.888316
-0.921420
1.656055
0.478301
1.246291
2.765933
-1.704797
0.468315
-0.792692
-0.919145
1.229275
2.336803
2.724176
1.700346
3.309122
-1.108368
-0.029391
0.282339
-2.198493
0.557773
-0.802140
-1.023851
-1.837049
-0.468597
-1.518234
-0.471571
2.778396
-0.440453
2.099050
0.480908
-1.591509
-0.721183
-0.683527
0.422738
0.803785
4.169145
1.263700
2.161688
2.381490
-1.244805
1.222390
0.006076
-0.002229
-0.512338
-0.073746
-1.933683
-2.490602
0.491834
-2.191654
1.525611
1.805541
0.089903
0.816322
-0.884483
-1.368055
-2.113743
1.240312
-0.153114
1.881865
3.780828
0.271781
2.529325
0.971586
0.643003
0.831031
1.531536
0.231499
-1.288218
0.514906
-3.580737
-0.987405
0.047595
-0.739624
1.904876
1.012634
0.391381
-1.657480
-0.265208
-2.586868
-1.253901
1.868344
-0.585682
2.710037
1.736850
0.958064
1.233721
1.805276
1.594159
0.731052
3.079799
-1.360424
-0.527946
-0.712103
-2.998796
-0.039715
0.145663
1.178700
0.432409
1.630675
-1.398517
-2.195493
-0.098280
-3.201136
0.451595
0.671639
0.312224
1.125406
1.152768
1.061805
0.395468
3.800917
0.873714
2.093636
2.141519
-1.809516
-0.421411
-1.611081
-0.874929
-0.449674
2.067473
0.780588
-0.115238
1.467693
-3.184711
-1.067347
-1.142289
-1.681745
0.060470
0.221187
0.256837
-0.978735
2.070014
-0.147624
1.845922
3.953382
0.865861
2.493431
0.266559
-0.898438
-1.731706
-0.017374
-0.146197
0.090026
3.313295
-0.768047
0.567976
-0.334958
-2.462957
-1.017000
-1.021570
-0.467805
-1.623457
0.835043
-1.826321
-0.866770
1.936428
-0.171663
3.306849
2.737068
1.841423
0.508965
0.259899
-1.059950
-1.831844
2.058563
-0.563004
1.848104
2.079022
-0.703403
0.100774
-1.030780
-0.861521
-1.859655
0.667007
-1.687605
-1.941770
0.089537
-3.166606
0.219652
0.946992
1.626816
2.387488
2.645925
1.214142
-1.231813
1.173486
-2.090316
0.225963
2.068022
0.228091
2.034955
0.724284
0.225134
-1.321892
0.722508
-0.919756
-1.249769
1.007217
-3.294807
-1.530401
-1.900301
-2.025982
-0.147734
1.546562
2.290996
0.784937
3.041521
-1.131362
-0.706904
0.690575
-1.387846
1.544060
1.379281
1.526692
0.177440
1.423080
-0.219189
-0.888405
2.239561
-1.465690
0.121810
-0.855375
-3.054320
-2.598190
-2.112004
-0.764009
-0.862243
3.151808
0.587146
0.686113
1.614574
-2.076565
0.048998
-0.086207
0.659605
0.544738
2.054431
0.795119
-0.666543
2.405742
-0.904648
1.329217
1.732034
-0.508882
-0.525047
-2.019875
-2.526895
-3.975034
-0.196165
-1.221339
0.101756
2.775464
-0.830963
0.624554
-0.523532
-0.859243
-0.775538
0.987010
0.910214
-0.438025
2.585997
-1.074767
0.583231
1.911048
0.515959
2.159140
1.254373
0.374471
-2.612659
-1.168917
-3.410061
-3.019384
0.815469
-1.501695
1.150261
0.622416
-0.520707
-1.104721
-0.447666
-0.273163
-1.343323
2.361116
-0.850212
0.022089
1.109619
-0.993842
1.377539
1.783479
2.638927
1.008320
2.162067
-0.935973
-2.995634
-0.608337
-3.771789
-0.830923
0.091020
-0.270183
-0.122734
-0.213742
-0.603387
-2.480015
1.146947
-1.259080
-0.267997
1.332684
-1.713302
-0.154998
-0.383327
0.732577
0.734526
3.535918
2.505524
0.527500
2.304031
-2.603431
-1.624359
-1.288273
-1.840612
-0.474306
0.072106
0.228888
-2.130029
0.604901
-1.977502
-1.374772
1.246880
-1.493985
0.127497
-0.864564
-1.193761
-1.916296
0.559295
1.216517
0.927205
