5.419160
1.508948
0.976021
2.189157
-0.988659
1.443817
1.589079
-1.913512
-1.032845
-1.732951
-1.523109
0.688583
0.308341
-0.278288
-0.872730
0.203894
1.166927
0.924488
2.117529
-0.517832
-1.481817
1.438815
-0.409910
0.979199
2.175106
-1.997281
0.861298
2.401267
0.632783
4.030713
1.764921
-0.690698
2.115418
0.595580
0.613924
1.119313
-2.088021
-2.376299
-1.679700
-1.023525
-0.427863
-0.873482
-0.578420
-1.324232
0.791694
3.133007
1.106010
2.407592
1.547100
-0.834381
3.181989
1.872182
-0.274266
1.851309
-1.806515
-1.035174
2.514908
-0.198074
0.822686
0.861440
-1.553653
1.097835
1.618417
0.460482
0.170014
-1.413731
-1.496288
-1.041833
0.170147
-0.166024
-2.048115
-0.268617
-0.413692
0.452525
4.112224
1.199785
1.041112
3.169483
0.301432
3.089360
3.508809
-1.203197
0.409069
-0.766732
-2.079566
1.259987
-0.794145
-2.105971
-0.841547
-1.438889
0.339731
1.439864
0.777026
-0.171174
-0.656385
0.959143
0.506410
0.891253
1.171125
-2.248373
-0.217058
1.407016
-0.302200
2.978789
1.164509
-1.128830
3.033924
1.508401
1.514983
3.303819
-1.272612
-1.095328
0.294519
-1.541072
-0.238833
-1.294865
-3.142256
-2.058342
-0.932177
0.554425
0.478017
0.659812
0.565147
-0.103223
3.071788
2.628514
0.661202
2.205518
-1.022320
-0.641362
2.785062
-0.685167
0.103189
0.612418
-2.662457
1.193713
1.960711
-0.313330
1.369788
-0.801201
-1.409271
0.932457
-0.015088
-0.653840
-1.617421
-2.238900
-1.559294
-0.581980
1.263170
-0.252436
-0.447117
1.680292
0.454537
3.197234
4.123135
-0.092808
1.783128
0.977236
-0.972461
2.646543
-0.468290
-2.775929
-0.531225
-2.731294
-0.934034
1.179887
-1.460934
-0.871404
-0.461585
-0.292638
1.374895
1.157903
0.293310
-1.293865
-0.616505
0.645381
-0.344409
1.315441
-0.155454
-2.039957
1.926088
1.128978
1.235359
3.703625
-0.689860
0.049174
2.414009
-0.620141
1.157075
-0.102380
-3.884626
-1.560191
-1.623839
-1.797421
-0.327526
-1.885671
-1.854231
-0.470758
1.179289
1.971454
1.091302
1.517819
0.001307
0.459063
3.077409
0.161164
0.101265
0.412038
-2.921925
0.737786
1.539659
-1.432498
1.192668
-0.902433
-1.704941
2.389297
0.249662
-0.468356
-0.070365
-2.788795
-1.410088
-0.229940
-1.043794
-1.331842
-2.035921
-1.168508
-0.380772
1.554089
2.483517
0.028032
1.553190
1.804435
0.623805
3.873052
0.960737
-1.757549
0.619347
-2.296460
-1.129600
1.153598
-3.164458
-2.024632
-0.972983
-2.240060
1.203607
0.793076
-1.122529
-0.258938
-0.613923
0.276640
0.820461
0.261064
-0.940903
-2.069128
0.193662
0.306174
0.315345
2.107461
-1.060151
-0.061027
2.932523
0.329678
2.297657
1.467024
-2.924418
0.127135
-0.510006
-2.230146
0.007626
-3.271634
-3.890260
-1.045874
-1.447745
0.004804
0.355940
-0.798873
-0.088909
1.009238
2.495720
1.471917
0.690233
0.520589
-1.623480
0.839002
1.399094
-1.657728
0.337068
-1.429758
-2.288950
2.410126
0.063172
-0.646870
1.033170
-2.562784
-0.505855
1.263594
-1.756818
-1.059706
-2.219127
-3.263046
-0.793929
-0.313288
-0.341728
-0.786656
-0.459536
0.721348
1.252144
3.447718
1.837826
-0.237644
1.720890
-0.375708
0.244351
2.023417
-2.886548
-2.203661
-1.095029
-3.472995
0.435277
-0.180328
-3.062686
-0.242396
-1.066859
-0.439096
2.045041
-0.301865
-1.078907
-0.870471
-0.836804
0.223498
0.114326
-0.043838
-1.617405
-0.941957
1.630876
0.505594
1.997929
1.724891
-1.707485
1.505133
1.300522
-0.893545
1.450918
-2.559709
-3.936411
-0.508582
-2.759162
-1.619791
-0.648112
-3.672593
-1.384246
0.367098
0.438684
1.764166
0.691307
0.055115
0.306924
1.445375
1.821487
-0.314857
-0.050912
-1.330292
-2.022314
1.661615
-0.293903
-1.238828
0.766890
-2.452205
-0.039202
2.403929
-1.482796
-0.081299
-1.096369
-3.547812
0.092170
-0.768805
-2.312197
-1.226634
-2.665182
-1.357604
0.855331
1.201630
1.039665
0.268260
1.302593
1.311850
1.973931
2.963832
-0.866393
-0.949342
-0.094584
-2.587076
0.396707
-0.605435
-4.226863
-0.931276
-1.902707
-1.660717
2.146027
-1.144305
-1.460194
0.416233
-1.198503
0.858410
1.035790
-1.376313
-1.306700
-1.215139
-0.096465
0.521166
0.706443
0.387927
-1.171454
1.331133
2.095441
0.668711
2.498520
-0.791843
-2.227520
1.132990
-1.747609
-1.430294
-0.561598
-5.044852
-2.441942
-0.556097
-2.105856
0.735096
-0.491833
-1.691462
1.239251
1.447839
1.839059
1.616408
0.060690
-0.386148
-0.282657
1.307947
0.153389
-1.200348
-0.229344
-2.273404
-0.217728
2.244409
-1.189219
0.276923
-0.096216
-2.692755
1.532690
0.211709
-2.454065
-0.475508
-3.324828
-2.563429
0.664067
-1.254124
-0.737556
-0.363223
-0.842518
1.436701
2.507443
2.482307
1.068938
0.533953
1.214277
0.110627
1.537403
0.281796
-3.298418
-1.062590
-1.965829
-2.265803
1.346017
-2.193099
-2.451503
0.568333
-1.657742
1.125608
1.995267
-1.903447
-0.298463
-0.389045
-0.922290
1.285663
-0.145561
-1.260330
-0.855070
0.029368
1.443429
1.381555
1.881134
0.240300
-0.404281
2.379869
0.531728
0.260136
0.667293
-3.906975
-1.917904
-0.355657
-3.160060
-0.350554
-1.907698
-3.891667
0.687702
0.285644
0.562333
2.415567
-0.363492
0.286177
1.932095
1.437595
1.504544
0.095553
-0.783821
-1.184023
-0.064203
1.372066
-0.830849
-0.292574
-0.196971
-1.796941
2.106776
1.242112
-1.536254
0.694796
-2.320075
-2.056719
1.487338
-2.119552
-1.814661
-0.906518
-3.137455
0.447637
1.708107
0.286181
1.394665
0.719160
1.258949
2.677105
2.707012
1.641025
-0.633457
-0.149443
-0.519075
-1.030960
0.891895
-2.330956
-3.087730
-0.233804
-2.207777
0.462561
1.788085
-2.432838
0.168200
0.545815
-0.915872
2.522188
0.064458
-1.986834
0.061586
-0.905083
0.452964
1.611808
0.025463
-0.073795
0.377250
1.937148
2.163952
1.776858
1.572368
-1.354275
-0.150604
1.080336
-1.756631
-0.202919
-2.084840
-4.683856
-0.196739
-1.061602
-1.375116
1.509254
-1.847519
-0.408136
2.885901
1.059732
2.490071
1.729337
-0.769709
0.793179
1.115167
0.933328
0.319101
-0.796205
-0.884433
-0.950750
1.464615
1.290459
-0.763265
0.854622
-1.018691
-0.699725
2.593647
-1.210095
-1.449123
-0.474767
-3.767467
-0.143192
0.861759
-2.119255
0.375967
-0.476101
-0.390503
3.442331
2.454999
1.795447
1.788677
0.756789
1.530599
1.694928
1.350950
-0.859705
-2.165046
-0.724304
-1.807714
-0.262213
0.600829
-3.037130
-0.583707
0.433300
-0.966303
2.922270
0.480945
-1.930297
1.290515
-0.713530
0.233023
2.190125
-1.492265
-0.798750
0.482079
0.219536
2.357239
1.982439
0.845254
0.594667
1.232035
2.306023
0.981624
0.911076
-0.839278
-3.126679
-0.101300
-1.072127
-2.210692
0.040647
-3.386471
-2.009104
2.002143
-0.341749
1.852843
2.057931
-1.154255
2.278504
2.551879
1.059833
2.185358
-0.387281
-1.062581
0.511086
0.669304
0.778481
-0.281862
-0.315617
-0.524189
0.252669
2.599345
0.114930
-0.513158
0.310933
-2.509776
0.372115
0.987206
-2.921627
-0.544269
-1.653557
-2.337146
2.572071
0.792209
0.171307
2.267015
0.307545
2.382032
3.990895
1.794244
1.262327
0.080274
-0.248061
0.195605
0.222739
-0.259255
-2.729772
-1.687298
-0.529367
-1.228014
1.790816
0.019741
-2.038860
1.555377
-0.126423
0.581812
2.926915
-1.774056
-0.916804
0.848039
-1.148785
1.905966
1.343758
-1.120882
1.020984
1.188383
1.967779
2.989251
1.500396
0.399832
-0.312590
0.839722
0.486044
-0.969089
-0.569843
-3.416896
-2.800977
0.475535
-1.765027
-0.047716
0.586556
-2.467906
1.920586
2.748231
0.777225
3.377003
0.380347
-0.621920
2.542509
0.747174
0.734745
0.618938
-1.647184
-0.522328
0.676232
1.232187
0.684888
-0.209189
0.142246
-0.724929
1.187056
1.593932
-1.853424
-0.590069
-1.645475
-2.789091
1.525142
-0.761913
-1.932661
0.979225
-1.401623
1.312678
4.220977
0.967684
2.144237
1.888884
0.359588
2.810905
1.877281
-0.061805
-0.853795
-1.725490
-1.025722
-0.742012
0.067477
-1.117063
-2.500188
0.213797
-0.188664
0.524857
2.659971
-1.438813
-0.640875
1.449632
-1.180152
1.787364
0.980828
-2.683570
0.645684
0.330181
0.385328
3.296801
0.673662
0.211093
1.722771
1.291402
2.166683
1.369627
-0.285328
-1.673728
-1.710111
-0.156927
-1.631799
-1.463211
-1.404572
-3.734031
0.043174
1.297575
-0.484710
2.544358
0.174426
-0.569716
3.818647
1.345248
1.233722
2.025675
-1.945538
-0.066212
1.399495
-0.265553
0.719031
-0.548071
-1.230655
0.351288
1.210641
1.422387
-0.250400
-0.424606
-0.839690
-1.434491
1.201054
-0.918147
-2.720691
-0.525910
-2.775906
-0.473561
2.635976
-0.988326
0.956071
1.756661
-0.124577
4.086064
3.154862
0.406863
1.627317
-0.505391
-0.316006
1.194305
-0.656137
-1.638739
-2.323631
-1.707433
-0.749128
-0.115649
0.826630
-1.520359
-0.917544
1.248198
-0.440161
1.828646
1.056422
-2.804966
0.464701
-0.049728
-0.843274
2.621774
-0.809819
-1.195936
2.026755
0.477302
2.439490
2.877652
-0.302457
0.360827
0.450420
0.263568
0.334933
-1.156697
-2.287875
-3.376786
-1.534376
-0.483309
-1.790495
0.040166
-1.354594
-1.536772
3.034784
1.241090
1.229671
2.750377
-1.417175
0.871387
2.680911
-0.604814
1.099689
-0.529076
-2.565060
0.849791
0.565296
0.175855
0.624012
-0.996068
-0.515383
0.428316
1.086677
-0.017906
-1.800951
-1.208006
-2.476802
-1.169320
0.880495
-2.463347
-1.154772
0.016797
-1.599672
3.108160
2.684567
-0.107476
2.756492
0.624066
0.778717
3.687164
0.023505
-0.846639
-0.705460
-2.488822
-0.610561
-0.278188
-1.493932
-1.952117
-1.873257
-0.293174
-0.006333
1.148010
0.623870
-2.031140
0.380466
0.338263
-0.685911
2.023693
-1.529729
-2.304373
1.350185
-0.778618
1.364640
2.671295
-1.348188
1.030217
1.887674
0.583094
2.607134
0.262903
-1.855900
-1.112926
-1.410785
-0.967924
-1.566301
-2.225151
-2.924384
-2.638699
0.566084
0.058187
0.037376
1.554789
-1.253709
1.199571
3.463066
0.062883
1.829156
0.287020
-2.573682
1.596624
0.398681
-0.992420
0.854358
-2.068178
-1.106051
1.527495
0.332685
0.573399
-0.391313
-1.469572
-0.876718
-0.291632
0.087112
-2.126032
-2.337280
-1.638535
-2.520515
0.980808
0.834324
-1.599327
1.577359
0.363141
0.895032
