5.000000000000000000e+00
7.861107743770907597e-01
2.465343211585926397e-01
1.755090453274433582e+00
9.392703565415867484e-01
2.716671548993903063e-01
-1.985705475321247748e+00
-3.507314416349938124e-01
-1.761975091906621493e+00
-8.839341408543479606e-01
-9.821782515156030069e-02
-3.469835891745385315e+00
2.359732030216350473e-01
1.069520659769209292e+00
-4.903447471933595758e-01
-1.228295342447071947e+00
8.958741936295278041e-02
2.327536425458769820e+00
-1.804925208108924650e+00
-5.413015699245291579e-01
1.342966721824985776e-01
-1.193077029225837471e+00
8.620325176351461005e-01
-1.076512410882304760e+00
-4.651816702562535655e-01
4.599530804094512093e-01
2.288081829605510542e+00
1.531503236857805206e+00
-1.153382082759719873e+00
3.711177186862630428e+00
2.530532851935474170e+00
5.155169296164732740e-02
6.761662314100758131e-01
1.425464052772668078e-01
7.253155097425333375e-01
-1.886203543708929953e+00
-1.214940171593069662e+00
-2.330855227841164279e+00
-2.423595017376212635e+00
6.557545675578864142e-01
-3.093896953613440637e+00
-1.980154216351987184e+00
7.749663526670461655e-01
9.386417598208021129e-01
-1.700358777433167434e-01
-1.018307773551577755e+00
2.944474615480212165e+00
6.312590746928710139e-01
-4.456037478007263131e-02
1.087173514013651587e+00
-1.038841768587625225e+00
1.237406634626525559e+00
3.384232183242413816e-01
-5.076836322397760837e-01
-8.025481866115103946e-01
1.029785220781621824e+00
2.893582913409407098e+00
-1.697416061569975820e+00
8.673321273553675770e-01
2.617541914920689994e+00
4.404995963760319766e-01
3.293711926880931173e-01
-9.644646924204004490e-01
3.410230033371295377e-01
-1.374764768295913431e+00
-1.199258768042657408e+00
-1.843585397147421867e+00
-3.960564609642670764e+00
4.929676101757825557e-01
-1.096421047690252060e+00
-2.605981310438387322e+00
-4.042632428330786842e-01
1.379165711925244953e+00
1.961459749591136781e+00
-9.007387777046846900e-01
2.273413827735755177e+00
2.287555554683088577e+00
7.340365020292094478e-01
2.252660538383258526e+00
-7.062462276223948621e-01
3.770300918618300079e-01
9.310669868544628747e-01
1.618048976843893816e-01
-1.402887834155809088e+00
-1.673702953836746277e+00
2.690065008026407689e+00
-7.590150770210704056e-01
-1.485626395030857916e+00
1.203468083709233971e+00
3.173728252885653633e-01
7.232093902769429761e-01
-1.140965814444617088e+00
-2.568614839791196203e-01
-1.041812103940878087e+00
-9.302795785248987315e-01
-2.069486969601441739e-02
-4.111350788426141101e+00
-8.560528261106900016e-01
7.265447541982090751e-01
-1.336378225582421919e+00
-9.999999999999996669e-01
3.706608637526387362e-01
3.316236353032420148e+00
4.574155108064771880e-01
1.415636144662709484e+00
2.766583474408293775e+00
7.949862249153153426e-01
2.954730152422130995e+00
3.452950015123801286e-01
-7.542027660565322478e-01
4.188053011474321408e-02
3.903942610293882343e-01
-6.210889018187102373e-01
-3.934807777022884423e+00
4.627780271659238664e-01
2.981663679933397870e-01
-2.210595674260120713e+00
-2.367648704453430009e-01
-5.111470939865905283e-01
9.545178574956085793e-01
-2.653369365354606435e-01
-8.411428171159147926e-02
-5.437955494907843468e-01
-1.168099788614157530e+00
1.957773844452169065e+00
-2.121320343559637500e+00
-2.182806284913152872e+00
9.972056795890417158e-01
3.590210269645414121e-01
-1.973997600437767952e-01
-9.874156554520419071e-01
2.776086020126444787e+00
1.752912993333557878e+00
9.184967604719083134e-01
2.723488350745078890e+00
1.247198092776089506e-01
2.271802266912051671e+00
1.574902807687261763e+00
-9.039264641825306423e-01
-1.382489703723039032e+00
-7.784872907611186665e-01
6.494670680650052041e-01
-4.076591620035721952e+00
-2.384403539074555933e+00
2.764957604717976358e-01
-1.836791125839720262e+00
-5.723728603663623682e-01
-1.108589252846513329e+00
5.739739897108161459e-01
7.031522515573931376e-01
8.632712640026997120e-01
8.712500914597229862e-01
-1.603560948467010805e+00
2.501501562280612045e+00
9.902376964409037585e-01
-2.054422509548294418e+00
6.680386071417432348e-02
7.542775750583344818e-01
1.174209142430531871e+00
-1.418321780880293037e+00
9.112820517411704957e-01
1.852820448601847136e+00
3.000439604129349069e-01
2.604563272685819886e+00
-2.791940379093147406e-01
3.711031626366954050e-01
1.797168726193629773e+00
-1.216572474082910915e-02
-1.658409524704113736e+00
-2.734464947582207817e+00
8.886219196339071313e-01
-2.219626160531452452e+00
-3.871229984402705160e+00
-5.739977379285609027e-01
-1.496767041443169077e+00
-9.716292825298378233e-02
-6.529414996717481934e-01
1.615901887636879142e-01
1.029985589153712411e+00
1.480472334748927032e+00
3.025007667850667215e+00
-1.086196758992198586e+00
1.298431305025563365e+00
3.119278794549114942e+00
-4.535316777622450113e-01
-5.901525830791805038e-01
-3.892827680945559754e-01
1.541534835558932226e+00
-8.773144123756621005e-01
-8.940166326765792704e-01
9.560147439796292668e-01
-9.520678784700303821e-01
1.964095642382449824e+00
2.825248806700631499e-01
-1.295007657715181448e+00
6.585705794727791940e-01
7.079288760985876783e-01
-1.812672717160475067e-01
-3.642604217000422029e+00
-3.002663359234557516e-01
-3.774758283725532237e-15
-3.297311032026315480e+00
-1.037698069168472514e+00
-1.483748222745098877e+00
1.183543518979253140e-01
4.518280809434407908e-01
4.182232876213668460e-01
1.071895157101814045e+00
8.776691890975713006e-01
4.448092039196379410e+00
8.782414292740507999e-01
-3.117439274311142317e-01
3.018518525622763349e+00
1.113304397418700020e+00
-1.349609369690176752e-01
-1.745637218926738399e+00
3.252374541132601049e-01
-3.762451991208378699e-01
-1.950143065501381168e+00
1.163515525850039589e-01
-2.311317475261910115e+00
2.513221169308374470e-01
1.224522085399488702e+00
-1.378800726090896989e+00
-6.776417576235150841e-01
2.471537007770872041e-01
1.858337119496041634e+00
-2.272630521710517382e+00
-1.701368500436628128e+00
1.175557208803091669e+00
-1.667317806886290388e+00
-4.919988554028470462e-01
-1.150403963638467975e+00
-3.426029200455332213e-01
1.004962725318025552e+00
1.013436656926172796e+00
1.602742285982773573e+00
-4.393351767275085473e-01
3.694924773103555271e+00
3.173467324980498550e+00
-7.709421625465494587e-01
1.411978072646604243e+00
1.217103983481122809e+00
7.674413168788327688e-01
-1.977636432789409593e+00
-1.476323773393568795e+00
-5.794081943159050674e-01
-2.611421581642910716e+00
-1.596111462456279995e-01
-2.561711033386304237e+00
-2.000000000000020872e+00
1.307733413905975750e+00
-9.177672935854430669e-02
-6.374486891683484036e-01
-9.010115429184231139e-01
2.704649169481589954e+00
6.731767838571494078e-01
-1.822100609757753009e+00
1.342731715554335681e+00
-3.694495700647748571e-01
3.693264456129058404e-01
-1.010760807728991739e-01
-8.294615656007575666e-01
4.569912706153408388e-01
7.809820386298554906e-01
2.484873299009895842e+00
-1.036018919479636313e+00
9.643803522807407047e-01
3.953690748277737921e+00
5.929763967896906074e-02
8.379951298489662914e-02
1.804247634528011179e-02
8.982022026205416232e-01
-1.075932883716499200e+00
-2.446574850109017873e+00
-9.736962287825371432e-01
-3.240731386069928277e+00
-4.439175512688299241e-01
-1.244773838761398466e+00
-3.259756026270335560e+00
1.849109126344795628e-01
1.001684132399473848e+00
1.004445833077585837e+00
-1.206173111426784406e+00
1.843510753723165640e+00
3.206524341459993099e+00
-5.042754807514806537e-01
1.422118934274818169e+00
2.462558013106057597e-01
4.684842032292833025e-01
9.804069342963963596e-01
-6.623905762484026960e-01
-4.264139599557643656e-01
-8.326601157019488664e-01
2.472238322282501510e+00
-2.051147737423253126e-01
-1.869495169758431885e+00
2.510232935562651146e+00
9.004898280320227100e-01
4.620163606295246694e-03
-9.999999999999878986e-01
2.268878652775793703e-02
-3.668823606474735932e-02
-2.210419907599074918e+00
-6.248219966122323665e-01
-3.310733778680270412e+00
-1.405470465416352344e+00
5.788866009716151506e-01
-2.509002087555740168e+00
-1.034401829675255957e+00
6.935958646891774437e-01
2.730014197934649278e+00
1.439049694979251393e-01
3.810881466649176375e-01
3.937341543850158221e+00
1.013700598984981216e+00
1.785366501928372873e+00
7.976068718932765034e-01
-2.834082280664619313e-01
1.018312047295804490e+00
-2.007407178048777885e-01
-5.381339368930585509e-01
-2.813993300820745169e+00
5.883078929173934934e-01
1.129102534808786640e+00
-2.980520608922262227e+00
4.726238476017052825e-02
6.364693032949104712e-01
5.715106225874019286e-01
-6.993756491192040237e-01
-8.415588392621526914e-01
5.213409728134877907e-01
-1.508528846228579745e+00
4.807617962290767766e-01
-1.939953958680270540e+00
-2.617823086621759110e+00
1.310719679083586220e+00
-4.746593765610130911e-01
-9.851032305692526414e-01
-5.785176435879875179e-01
2.778497630603868895e+00
2.214547160293245831e+00
-3.299861707084094098e-01
3.131021949744645205e+00
1.556304249317213895e+00
1.785794890167753834e+00
1.628643624092860787e+00
-8.900030666196121487e-01
-6.548252166450618805e-02
-4.759998314809377185e-01
1.367287359972914063e-01
-3.414693309871458471e+00
-2.470043338177074332e+00
1.380758561499217496e+00
-2.234122661306960023e+00
-1.528356542874235169e+00
-4.051607347985614060e-01
6.544098301921648098e-01
5.788817332469133881e-01
-6.889891952571732814e-01
9.985822975890482622e-01
-9.714665044421703088e-01
1.254887410891689425e+00
7.355835162174155784e-01
-2.778229874663818322e+00
5.081252972102440202e-01
9.509361079058000765e-01
3.255970916994706532e-01
-1.319935562505097026e+00
9.198901436539826948e-01
3.221731256400039101e+00
-1.432936269375901794e-01
1.939605167637917127e+00
1.216065964792798049e+00
7.783365636529208098e-01
2.121320343559657928e+00
-5.533041231917867897e-01
-1.045171855767708546e+00
-1.754830645111739695e+00
4.248076686929725954e-01
-1.968978664412442736e+00
-4.650494021276198708e+00
7.816966315802276188e-02
-1.007328981725946981e+00
-1.463828784390679427e+00
-9.310114744814717014e-01
4.364958058594148316e-02
1.624321453118291902e+00
2.701279551095568943e-01
1.963561947135815888e+00
-2.619755369425521563e-01
7.937248932487184216e-01
3.152414885276568324e+00
-1.224736443539810482e+00
-6.663212505886093595e-01
5.985641943055870495e-01
1.390859377010649878e+00
-7.295848194591680880e-01
-1.420167004566412761e+00
2.340880194561578698e+00
1.021405182655144017e-14
9.411279656036026786e-01
9.424987159332051112e-01
-7.554456695502511643e-01
1.492469467892525437e+00
2.893224890763862467e-01
-6.928285315062575611e-01
-2.843487420862050197e+00
-5.873614877430874959e-01
3.447404350317199162e-01
-4.412989072621812170e+00
-1.591675630302632038e+00
-5.184088135529008046e-01
-6.442775010940051672e-01
-2.725105641531451184e-01
-4.433450840413634131e-01
1.816488186323219622e+00
9.342917626676123799e-01
3.005133473248250642e+00
1.282056987914254487e+00
-4.240931722335452569e-01
3.625248037272986945e+00
1.047058823432011287e+00
-7.965080673955724500e-01
-8.380508980000466179e-01
8.042697094394908319e-01
4.245777425675997252e-01
-2.711357831272168450e+00
4.048419997416581317e-01
-5.380751550228694002e-01
-2.182856396073691030e-01
1.164305759386663031e+00
-1.507990687134979968e+00
4.367894320024701127e-02
5.117505729813721649e-01
7.757107521368623582e-01
-2.173294007459802835e+00
-2.263645985560857277e+00
1.697874135298125919e+00
-2.165368757946197764e+00
-2.090110205044869662e+00
-6.310722067753453679e-01
-3.224256821821759322e-01
8.360045799283207790e-01
-1.931047902778220138e-01
1.622377978425784573e+00
7.194413071251577474e-01
2.899370811555047833e+00
3.340869234740919236e+00
-9.598290852308523080e-01
2.038841768587658088e+00
2.205517354406318908e+00
1.817686159164277060e-01
-1.657743787510374656e+00
-1.193333797619843040e+00
7.715944663504055168e-01
-2.720425732160492771e+00
-1.177876801220718139e+00
-1.226221581808998096e+00
-1.805547246595943012e+00
1.235248590043104944e+00
-8.124948433560796879e-01
-8.411793095571112877e-01
-2.045681038523975981e-01
1.854176589313779822e+00
4.253164211757682334e-01
-2.894063717579156592e+00
1.439871905270504460e+00
2.695310010137312862e-01
-1.169587377946298412e+00
-4.041262893078272356e-01
-7.027432775232814732e-01
1.173633836121432683e+00
2.912150405021630695e-01
1.630291314087841448e+00
2.665894475959409426e-01
1.053419400869199496e+00
4.425075816309408161e+00
-5.886621981900341805e-02
-5.226559225901539207e-04
1.449221621718796982e+00
9.740027856485327096e-01
-9.983615765302730205e-01
-2.949313857693904417e+00
-5.853122520143916319e-02
-2.270014613488929633e+00
-1.893379577419289861e+00
-1.087176753657056683e+00
-3.101436410524566867e+00
3.974446475377788612e-01
4.998335420851937050e-01
-1.585943617274147011e-01
-7.978606071289593427e-01
1.405390734513981776e+00
3.290165124253564333e+00
-1.499992550987302220e+00
5.411493806926284122e-01
1.493779817536880161e+00
4.853554445568453168e-03
4.678668451032996778e-01
-1.000000000000000000e+00
4.678668451032380604e-01
4.853554445541474749e-03
1.493779817536939003e+00
5.411493806926471750e-01
-1.499992550987357065e+00
3.290165124253537243e+00
1.405390734514050388e+00
-7.978606071288807389e-01
-1.585943617274330752e-01
4.998335420851832689e-01
3.974446475378489163e-01
-3.101436410524485598e+00
-1.087176753657056238e+00
-1.893379577419350257e+00
-2.270014613488927413e+00
-5.853122520140463525e-02
-2.949313857693936392e+00
-9.983615765303780476e-01
9.740027856484632096e-01
1.449221621718823627e+00
-5.226559226023663740e-04
-5.886621981908635171e-02
4.425075816309363752e+00
1.053419400869250344e+00
2.665894475960030596e-01
1.630291314087815469e+00
2.912150405021429744e-01
1.173633836121487750e+00
-7.027432775232056450e-01
-4.041262893078220730e-01
-1.169587377946356810e+00
2.695310010138489698e-01
1.439871905270390329e+00
-2.894063717579274275e+00
4.253164211758269642e-01
1.854176589313555334e+00
-2.045681038523118889e-01
-8.411793095571317158e-01
-8.124948433560492678e-01
1.235248590043016792e+00
-1.805547246596144628e+00
-1.226221581808522476e+00
-1.177876801220986369e+00
-2.720425732160521193e+00
7.715944663504836765e-01
-1.193333797619895886e+00
-1.657743787510421285e+00
1.817686159166605475e-01
2.205517354406467234e+00
2.038841768587436931e+00
-9.598290852308465348e-01
3.340869234741254523e+00
2.899370811554694782e+00
7.194413071253638048e-01
1.622377978425716183e+00
-1.931047902779341463e-01
8.360045799282606049e-01
-3.224256821819688201e-01
-6.310722067754049869e-01
-2.090110205045008218e+00
-2.165368757946060096e+00
1.697874135298192977e+00
-2.263645985560577056e+00
-2.173294007459877886e+00
7.757107521366809477e-01
5.117505729812037440e-01
4.367894320045628831e-02
-1.507990687134891150e+00
1.164305759386515371e+00
-2.182856396071741478e-01
-5.380751550230201685e-01
4.048419997418492011e-01
-2.711357831272130703e+00
4.245777425674778227e-01
8.042697094395481194e-01
-8.380508980000489494e-01
-7.965080673957828372e-01
1.047058823431794350e+00
3.625248037273096635e+00
-4.240931722333586285e-01
1.282056987913894108e+00
3.005133473248310150e+00
9.342917626675790732e-01
1.816488186323373277e+00
-4.433450840411399252e-01
-2.725105641532201695e-01
-6.442775010940334779e-01
-5.184088135527518126e-01
-1.591675630302266775e+00
-4.412989072621978259e+00
3.447404350313376664e-01
-5.873614877427084657e-01
-2.843487420862123916e+00
-6.928285315063394956e-01
2.893224890763477219e-01
1.492469467892524548e+00
-7.554456695503093400e-01
9.424987159331705833e-01
9.411279656036399821e-01
1.143529715363911237e-14
2.340880194561580474e+00
-1.420167004566385671e+00
-7.295848194592440272e-01
1.390859377010728037e+00
5.985641943056346781e-01
-6.663212505885421910e-01
-1.224736443539985231e+00
3.152414885276519918e+00
7.937248932488718545e-01
-2.619755369425139646e-01
1.963561947135753716e+00
2.701279551095420173e-01
1.624321453118333425e+00
4.364958058592327550e-02
-9.310114744811965881e-01
-1.463828784390603488e+00
-1.007328981726083539e+00
7.816966315808737686e-02
-4.650494021276122325e+00
-1.968978664412512458e+00
4.248076686929237455e-01
-1.754830645111713494e+00
-1.045171855767779601e+00
-5.533041231918968128e-01
2.121320343559708554e+00
7.783365636527994624e-01
1.216065964792853782e+00
1.939605167637820315e+00
-1.432936269376300364e-01
3.221731256400018228e+00
9.198901436542167298e-01
-1.319935562505098359e+00
3.255970916993202180e-01
9.509361079058071820e-01
5.081252972104386423e-01
-2.778229874663784571e+00
7.355835162172806863e-01
1.254887410891506017e+00
-9.714665044420377482e-01
9.985822975890585873e-01
-6.889891952570758038e-01
5.788817332468043642e-01
6.544098301922087746e-01
-4.051607347984743090e-01
-1.528356542874188762e+00
-2.234122661306980007e+00
1.380758561499262349e+00
-2.470043338177026815e+00
-3.414693309871541071e+00
1.367287359971989247e-01
-4.759998314808442377e-01
-6.548252166445289735e-02
-8.900030666198395224e-01
1.628643624092632969e+00
1.785794890167865967e+00
1.556304249317125965e+00
3.131021949744625665e+00
-3.299861707085520734e-01
2.214547160293351524e+00
2.778497630603775637e+00
-5.785176435877521506e-01
-9.851032305693071534e-01
-4.746593765609736781e-01
1.310719679083612643e+00
-2.617823086621978046e+00
-1.939953958680134649e+00
4.807617962291476088e-01
-1.508528846228565534e+00
5.213409728135054433e-01
-8.415588392622851410e-01
-6.993756491190364910e-01
5.715106225873645140e-01
6.364693032949652052e-01
4.726238476003197242e-02
-2.980520608922287984e+00
1.129102534809040215e+00
5.883078929169615057e-01
-2.813993300820613275e+00
-5.381339368928373945e-01
-2.007407178049711582e-01
1.018312047295719669e+00
-2.834082280664946274e-01
7.976068718933736479e-01
1.785366501928180583e+00
1.013700598985164181e+00
3.937341543850248371e+00
3.810881466645277271e-01
1.439049694976901050e-01
2.730014197934846898e+00
6.935958646893363166e-01
-1.034401829675112960e+00
-2.509002087555809446e+00
5.788866009714210836e-01
-1.405470465415991965e+00
-3.310733778680250872e+00
-6.248219966122836588e-01
-2.210419907599171285e+00
-3.668823606492077616e-02
2.268878652786798789e-02
-1.000000000000131006e+00
4.620163606282701174e-03
9.004898280318323067e-01
2.510232935562605405e+00
-1.869495169758133013e+00
-2.051147737426596007e-01
2.472238322282597878e+00
-8.326601157018451715e-01
-4.264139599558623983e-01
-6.623905762484344484e-01
9.804069342962545841e-01
4.684842032292613201e-01
2.462558013106035393e-01
1.422118934274784863e+00
-5.042754807514603366e-01
3.206524341459825678e+00
1.843510753723724305e+00
-1.206173111426932509e+00
1.004445833077417971e+00
1.001684132399491833e+00
1.849109126345380716e-01
-3.259756026270156593e+00
-1.244773838761211504e+00
-4.439175512690667347e-01
-3.240731386069792386e+00
-9.736962287824798556e-01
-2.446574850109023647e+00
-1.075932883716801625e+00
8.982022026206301080e-01
1.804247634529432265e-02
8.379951298478516275e-02
5.929763967903356470e-02
3.953690748277739253e+00
9.643803522806013717e-01
-1.036018919479635647e+00
2.484873299009753733e+00
7.809820386299137773e-01
4.569912706154720672e-01
-8.294615656006154580e-01
-1.010760807730367583e-01
3.693264456129828899e-01
-3.694495700645741287e-01
1.342731715554382310e+00
-1.822100609757900891e+00
6.731767838571556251e-01
2.704649169481640136e+00
-9.010115429182283808e-01
-6.374486891683107670e-01
-9.177672935865699433e-02
1.307733413906073006e+00
-1.999999999999895639e+00
-2.561711033386347758e+00
-1.596111462456958341e-01
-2.611421581642940470e+00
-5.794081943158686521e-01
-1.476323773393633187e+00
-1.977636432789464882e+00
7.674413168787207473e-01
1.217103983481058860e+00
1.411978072646574489e+00
-7.709421625467776096e-01
3.173467324980641990e+00
3.694924773103526849e+00
-4.393351767273923070e-01
1.602742285982728276e+00
1.013436656926138379e+00
1.004962725318067074e+00
-3.426029200454018819e-01
-1.150403963638350291e+00
-4.919988554029315342e-01
-1.667317806886335685e+00
1.175557208803343689e+00
-1.701368500436752473e+00
-2.272630521710413465e+00
1.858337119495858003e+00
2.471537007770393535e-01
-6.776417576234605722e-01
-1.378800726090737339e+00
1.224522085399472271e+00
2.513221169308139658e-01
-2.311317475261957632e+00
1.163515525850057353e-01
-1.950143065501585671e+00
-3.762451991206657853e-01
3.252374541131981545e-01
-1.745637218926761935e+00
-1.349609369690677463e-01
1.113304397418714231e+00
3.018518525622635451e+00
-3.117439274311815667e-01
8.782414292739991746e-01
4.448092039196382963e+00
8.776691890976001664e-01
1.071895157102076501e+00
4.182232876215021822e-01
4.518280809432480005e-01
1.183543518980368359e-01
-1.483748222745053136e+00
-1.037698069168446757e+00
-3.297311032026204014e+00
1.482147737874583981e-14
-3.002663359234351570e-01
-3.642604217000419808e+00
-1.812672717159160563e-01
7.079288760985242845e-01
6.585705794726858242e-01
-1.295007657715300686e+00
2.825248806701930460e-01
1.964095642382375217e+00
-9.520678784700171704e-01
9.560147439796304880e-01
-8.940166326768349547e-01
-8.773144123754957890e-01
1.541534835558968197e+00
-3.892827680943460322e-01
-5.901525830791715110e-01
-4.535316777625659213e-01
3.119278794548965283e+00
1.298431305025929294e+00
-1.086196758992274969e+00
3.025007667850328374e+00
1.480472334749068475e+00
1.029985589153895376e+00
1.615901887636528034e-01
-6.529414996716039754e-01
-9.716292825299166491e-02
-1.496767041443064938e+00
-5.739977379283172088e-01
-3.871229984402848157e+00
-2.219626160531814829e+00
8.886219196341096360e-01
-2.734464947582054606e+00
-1.658409524704202553e+00
-1.216572474087529443e-02
1.797168726193365984e+00
3.711031626368513359e-01
-2.791940379093500457e-01
2.604563272685848752e+00
3.000439604129130355e-01
1.852820448601865788e+00
9.112820517412484334e-01
-1.418321780880364535e+00
1.174209142430447717e+00
7.542775750583687877e-01
6.680386071422916849e-02
-2.054422509548425424e+00
9.902376964408896587e-01
2.501501562280679103e+00
-1.603560948466999481e+00
8.712500914596915669e-01
8.632712640024130524e-01
7.031522515575643340e-01
5.739739897109227273e-01
-1.108589252846305273e+00
-5.723728603664079984e-01
-1.836791125839638328e+00
2.764957604717932504e-01
-2.384403539074229084e+00
-4.076591620036003505e+00
6.494670680649672345e-01
-7.784872907611793957e-01
-1.382489703723027485e+00
-9.039264641824314994e-01
1.574902807687104556e+00
2.271802266912020141e+00
1.247198092776010681e-01
2.723488350745063791e+00
9.184967604717616529e-01
1.752912993333678227e+00
2.776086020126505627e+00
-9.874156554520552298e-01
-1.973997600437517042e-01
3.590210269645098817e-01
9.972056795891841574e-01
-2.182806284913296757e+00
-2.121320343559645050e+00
1.957773844452096679e+00
-1.168099788614152423e+00
-5.437955494903686793e-01
-8.411428171141634158e-02
-2.653369365358019261e-01
9.545178574956781903e-01
-5.111470939864986018e-01
-2.367648704454066166e-01
-2.210595674259989263e+00
2.981663679932894384e-01
4.627780271660010269e-01
-3.934807777022922615e+00
-6.210889018186683819e-01
3.903942610292669979e-01
4.188053011462086750e-02
-7.542027660565578939e-01
3.452950015124840455e-01
2.954730152422062162e+00
7.949862249153364369e-01
2.766583474408344401e+00
1.415636144662483886e+00
4.574155108065148245e-01
3.316236353032466333e+00
3.706608637526972450e-01
-9.999999999999094058e-01
-1.336378225582642187e+00
7.265447541984915159e-01
-8.560528261109514592e-01
-4.111350788426086034e+00
-2.069486969611700200e-02
-9.302795785248871852e-01
-1.041812103940975121e+00
-2.568614839789338800e-01
-1.140965814444616644e+00
7.232093902768841343e-01
3.173728252886253154e-01
1.203468083709164249e+00
-1.485626395030922087e+00
-7.590150770208634601e-01
2.690065008026345961e+00
-1.673702953836840646e+00
-1.402887834155713387e+00
1.618048976843213804e-01
9.310669868545933259e-01
3.770300918616227293e-01
-7.062462276223406832e-01
2.252660538383152833e+00
7.340365020290516851e-01
2.287555554683529113e+00
2.273413827735431880e+00
-9.007387777046091948e-01
1.961459749591136115e+00
1.379165711925037341e+00
-4.042632428331704997e-01
-2.605981310438242993e+00
-1.096421047690134820e+00
4.929676101756337303e-01
-3.960564609642591716e+00
-1.843585397147265548e+00
-1.199258768042734236e+00
-1.374764768295897444e+00
3.410230033370764691e-01
-9.644646924204566263e-01
3.293711926879231422e-01
4.404995963760618416e-01
2.617541914920334722e+00
8.673321273557217381e-01
-1.697416061570277357e+00
2.893582913409314727e+00
1.029785220782004851e+00
-8.025481866114484442e-01
-5.076836322398018408e-01
3.384232183239935798e-01
1.237406634626684987e+00
-1.038841768587569714e+00
1.087173514013604736e+00
-4.456037477998411878e-02
6.312590746926647345e-01
2.944474615480389357e+00
-1.018307773551355933e+00
-1.700358777434121116e-01
9.386417598205891721e-01
7.749663526672634362e-01
-1.980154216351843299e+00
-3.093896953613554324e+00
6.557545675579130595e-01
-2.423595017376197536e+00
-2.330855227841608812e+00
-1.214940171592872709e+00
-1.886203543709156882e+00
7.253155097424502928e-01
1.425464052772861256e-01
6.761662314099199378e-01
5.155169296172850552e-02
2.530532851935248573e+00
3.711177186862979482e+00
-1.153382082759652594e+00
1.531503236857506112e+00
2.288081829605611794e+00
4.599530804095829373e-01
-4.651816702560818140e-01
-1.076512410882319193e+00
8.620325176351091301e-01
-1.193077029225842800e+00
1.342966721825612497e-01
-5.413015699244992929e-01
-1.804925208109066315e+00
2.327536425458641034e+00
8.958741936304015496e-02
-1.228295342446854121e+00
-4.903447471935979962e-01
1.069520659769350956e+00
2.359732030217535081e-01
-3.469835891745379541e+00
-9.821782515181010087e-02
-8.839341408540666301e-01
-1.761975091906726743e+00
-3.507314416348665809e-01
-1.985705475321339453e+00
2.716671548992274365e-01
9.392703565415906342e-01
1.755090453274470441e+00
2.465343211585503402e-01
7.861107743769663037e-01
