5.000000000000000000e+00
1.839937855395270994e+00
1.222590190681742905e+00
2.038121356162575726e+00
-1.199559405634780251e-01
-6.207290663438993494e-01
-2.378878476643559559e+00
-8.958660726360599957e-01
-1.482403700833156979e-02
-2.720464960928652864e+00
3.204471832805633191e-01
1.136366187487291013e+00
-6.686098856515861888e-01
1.790917021427221867e-01
-5.249914897231428013e-01
4.078863374623207250e-01
-1.235841570745103146e+00
-2.564791994088809091e+00
8.176719028670492717e-01
-1.045816344928252484e+00
-1.695284325859669483e+00
5.543522217022276433e-01
-1.446052232744508004e-01
2.317769364667647269e-01
-1.301831338298388374e+00
-5.000000000000019984e-01
1.128523562783652956e+00
-2.069889798703529848e+00
-5.157484982883536739e-02
2.034385080948306612e+00
8.469474813394052282e-01
2.220356511679774325e+00
2.187436318721933226e+00
3.573518452699350867e+00
2.537783425268597348e+00
-4.628102546870871414e-01
1.758119832829383222e+00
-3.068340654540306911e-01
-2.918127364149790903e+00
-1.433528008772547047e+00
-1.887368119608543671e+00
-8.994977499430669710e-01
-1.511511357006555700e+00
-6.310518016000455921e-01
2.467646431435325027e+00
-4.160521222020871490e-01
-1.647067031045473806e-01
1.472386387065637070e+00
-9.078925438922188507e-01
-1.134162908391666447e+00
-2.118033988749893126e+00
-1.012199652803132732e+00
-4.989514660621787723e-01
-2.941791677055629606e+00
3.795009064361210549e-01
1.051892620540322953e+00
-9.373155116866844772e-01
7.974332658068553625e-01
5.847617212079299076e-01
1.210803914278157478e+00
2.091667897386739750e-01
-4.024221360199714548e-01
3.005764260267282495e+00
1.003350008742603272e+00
5.816415266478345281e-01
3.212371205502031035e+00
1.730127834549501475e+00
1.383012467074036467e+00
-8.331990778374076534e-02
-1.898079919765260914e-01
1.795528167194199165e-01
-3.659448893259673596e+00
-1.980345331799251429e+00
-4.529337075581018612e-01
-2.381879812211527891e+00
-5.000000000000092149e-01
2.162502623554819481e-01
1.471021622987700894e+00
1.075976464391418030e+00
-8.825370044347355947e-01
1.713484443373391786e+00
-4.390302831700281239e-01
-2.985366020553860800e+00
-9.975545480037760759e-01
-1.914276690451582663e+00
-1.585508387246652218e+00
-1.637320971772129319e+00
-5.613543113694879905e-01
2.346177871032191664e+00
-1.194017911031466372e-01
1.002158826817357351e+00
3.285393392989176764e+00
7.774776601088786432e-01
1.066924857906728086e+00
8.507878852065895448e-01
1.394366901504300760e+00
1.485755188038902608e+00
-8.871214975181297424e-01
2.013183671856249912e+00
1.749536464017019899e+00
-1.118033988749894680e+00
5.192111861106122328e-01
-3.931912403329101968e-01
-1.022613158921396481e+00
-2.046828114595146797e+00
-2.632815837793974101e+00
2.909127360053140876e-01
-1.730430042120427725e+00
-1.515721639941079335e+00
1.919470688747496823e+00
4.543262828091694239e-01
5.546611150144683533e-01
2.381878937510187311e-01
8.278752910751718819e-02
1.418206207772174654e-01
-3.419528504810292802e+00
-1.679767656608591064e+00
-5.576327612413294332e-01
-2.961021653516213714e+00
-5.092664133914919233e-01
7.222538336452274388e-01
1.720793379528075429e+00
2.110181966131947195e+00
1.231209198371011393e+00
4.081151195219947958e+00
2.000000000000017764e+00
-2.809773957197405636e-01
1.996561107986346784e+00
2.497069865514189857e-01
-4.088671332423680638e-01
-5.021588268173569070e-01
-2.697921200303838862e-01
1.392099373916476424e+00
-1.512065404619799658e+00
-5.695032350659515741e-01
1.293121942182757778e+00
-1.907669111832235753e+00
-1.348957050208898334e+00
-9.805800450400720125e-01
-8.608769277082812810e-01
-5.013893631808720164e-01
-1.936484999792909445e+00
1.293655260358185233e+00
1.109302551337956189e+00
-1.423823119295259509e+00
9.832052291251089926e-01
-8.330982711835077659e-03
-1.222481446102894553e+00
-1.751639821826933119e+00
-2.242552161936812283e+00
1.180339887498733642e-01
-1.792960848483476699e+00
-9.755927417196695872e-01
2.996785307393583953e+00
1.548774541274515526e+00
2.295412780840660361e+00
3.136588061968136998e+00
2.820107721062373063e+00
2.624875077221771047e+00
-6.866379972196992032e-01
5.813594670841126799e-01
6.089081089017600590e-01
-2.891030615846911456e+00
-8.348434101564343734e-01
-3.369153270277462364e-01
-6.488072137013894958e-01
-2.683528550105903632e-01
-8.757548760162059409e-01
1.587426745901986180e+00
-4.302129254869734298e-01
-2.115100160307042287e+00
7.908760506840751825e-01
-1.077870929745903705e+00
-1.621264865428163393e+00
-7.232906922195179167e-01
-5.000000000000250910e-01
8.555118028679927766e-01
-1.517353224335523665e+00
-2.422183603808262253e-01
1.459812968718290582e+00
-2.038201180289764380e+00
-1.016355829829414414e+00
-2.157236261512109066e-01
-6.202912349408696846e-01
1.200315178631544688e-01
-3.881042554562849078e-01
2.975152758102255213e+00
2.946262129988485690e+00
9.438478784637873709e-01
3.959216420770113487e+00
2.615100160307113786e+00
6.393554381344819237e-01
1.779595109253023777e-01
-1.096476799741811892e+00
-2.688483101192294944e-01
-2.910540984110606910e+00
-2.579136830977565520e+00
7.192279848756291116e-01
-1.471335465831509648e+00
-5.141683565403776246e-01
1.118033988749898011e+00
6.271224785275868463e-01
7.576493014517717839e-01
-1.474280852420190024e+00
7.304574935381387413e-02
1.443640526848832817e-02
-3.336889640092274512e+00
-7.668874730518842053e-01
-3.617980670133473242e-01
-1.283131795519165674e+00
-3.469474813394105572e-01
-5.407082900273429971e-01
1.521929642623882417e+00
-2.380186793606927642e-01
-1.268613515030858174e+00
2.046328548588510543e+00
6.097197050087344028e-02
-1.711657153687164423e-01
1.699596260247186352e+00
1.767019435494848745e+00
2.842832201005578430e+00
1.000144648365130617e+00
2.161238659704319609e+00
3.107480728840177342e+00
-1.171947947250055577e+00
-5.000000000000150990e-01
-4.215096375278082341e-01
-2.376607998626665719e+00
-2.100489381749788720e+00
-2.609511319009258479e+00
4.567371719083077042e-02
-8.709403836173301716e-02
-1.438799393649610181e+00
2.342725614506002696e+00
1.218827259699703180e+00
-4.549494178340790507e-01
2.187756770293572961e-01
-9.214838534317981722e-01
-5.975596354498281526e-01
-2.902214678542166304e+00
-2.446853745908164512e+00
4.711940692541188858e-01
-2.054874128852766546e+00
-6.730562069636778499e-01
1.599819943221739260e+00
8.408240731717234739e-01
1.431882186849207539e+00
3.217675965207990041e-01
2.005180115675505359e+00
1.960235944105012784e+00
-1.000000000000000000e+00
1.960235944104971928e+00
2.005180115675576413e+00
3.217675965207456024e-01
1.431882186849235072e+00
8.408240731717633309e-01
1.599819943221684859e+00
-6.730562069636042422e-01
-2.054874128852793636e+00
4.711940692541120024e-01
-2.446853745908113886e+00
-2.902214678542238691e+00
-5.975596354497829665e-01
-9.214838534318150476e-01
2.187756770293092234e-01
-4.549494178340162120e-01
1.218827259699780452e+00
2.342725614506030674e+00
-1.438799393649613734e+00
-8.709403836163787105e-02
4.567371719079379999e-02
-2.609511319009354402e+00
-2.100489381749782059e+00
-2.376607998626640850e+00
-4.215096375277770924e-01
-5.000000000000822675e-01
-1.171947947250070676e+00
3.107480728840192885e+00
2.161238659704232568e+00
1.000144648365152822e+00
2.842832201005663695e+00
1.767019435494852075e+00
1.699596260247201007e+00
-1.711657153686411692e-01
6.097197050071401225e-02
2.046328548588566054e+00
-1.268613515030756256e+00
-2.380186793607912965e-01
1.521929642623924606e+00
-5.407082900273404436e-01
-3.469474813394297641e-01
-1.283131795519037111e+00
-3.617980670134598453e-01
-7.668874730517261096e-01
-3.336889640092284726e+00
1.443640526833211979e-02
7.304574935392199597e-02
-1.474280852420204013e+00
7.576493014517942104e-01
6.271224785276252600e-01
1.118033988749836061e+00
-5.141683565403694089e-01
-1.471335465831448808e+00
7.192279848755935845e-01
-2.579136830977455386e+00
-2.910540984110701501e+00
-2.688483101192287172e-01
-1.096476799741827435e+00
1.779595109252423146e-01
6.393554381345374349e-01
2.615100160307045840e+00
3.959216420770053979e+00
9.438478784638353325e-01
2.946262129988386658e+00
2.975152758102357353e+00
-3.881042554562699753e-01
1.200315178631535806e-01
-6.202912349407649906e-01
-2.157236261512834874e-01
-1.016355829829374002e+00
-2.038201180289733738e+00
1.459812968718224635e+00
-2.422183603807115393e-01
-1.517353224335587836e+00
8.555118028679670195e-01
-5.000000000000091038e-01
-7.232906922196161714e-01
-1.621264865428089452e+00
-1.077870929745947892e+00
7.908760506840261106e-01
-2.115100160307065380e+00
-4.302129254868934938e-01
1.587426745901998615e+00
-8.757548760161938395e-01
-2.683528550105660493e-01
-6.488072137012645957e-01
-3.369153270277731038e-01
-8.348434101564691234e-01
-2.891030615846872820e+00
6.089081089017527315e-01
5.813594670840519507e-01
-6.866379972197210746e-01
2.624875077221763497e+00
2.820107721062343309e+00
3.136588061968009544e+00
2.295412780840783817e+00
1.548774541274467342e+00
2.996785307393645237e+00
-9.755927417194147910e-01
-1.792960848483560854e+00
1.180339887499564089e-01
-2.242552161936814503e+00
-1.751639821827057464e+00
-1.222481446102828384e+00
-8.330982711972301225e-03
9.832052291251637266e-01
-1.423823119295246631e+00
1.109302551337774112e+00
1.293655260358394177e+00
-1.936484999792916772e+00
-5.013893631808346019e-01
-8.608769277083015981e-01
-9.805800450401406243e-01
-1.348957050208851927e+00
-1.907669111832273723e+00
1.293121942182738238e+00
-5.695032350658366660e-01
-1.512065404619844067e+00
1.392099373916535043e+00
-2.697921200303582401e-01
-5.021588268173822200e-01
-4.088671332423109983e-01
2.497069865513543707e-01
1.996561107986340788e+00
-2.809773957197514438e-01
1.999999999999904077e+00
4.081151195220054539e+00
1.231209198370977642e+00
2.110181966131923215e+00
1.720793379528119837e+00
7.222538336451710395e-01
-5.092664133914409641e-01
-2.961021653516211494e+00
-5.576327612413376489e-01
-1.679767656608605719e+00
-3.419528504810329661e+00
1.418206207772880756e-01
8.278752910753073291e-02
2.381878937509649963e-01
5.546611150145619451e-01
4.543262828091190197e-01
1.919470688747474618e+00
-1.515721639941083776e+00
-1.730430042120423506e+00
2.909127360053529454e-01
-2.632815837793990976e+00
-2.046828114595165893e+00
-1.022613158921309884e+00
-3.931912403329062000e-01
5.192111861106214477e-01
-1.118033988749894903e+00
1.749536464017044102e+00
2.013183671856162871e+00
-8.871214975181880291e-01
1.485755188038941688e+00
1.394366901504318301e+00
8.507878852065264841e-01
1.066924857906831781e+00
7.774776601088881911e-01
3.285393392989085282e+00
1.002158826817557191e+00
-1.194017911032170254e-01
2.346177871032214313e+00
-5.613543113693356679e-01
-1.637320971772203704e+00
-1.585508387246582718e+00
-1.914276690451652829e+00
-9.975545480038122692e-01
-2.985366020553778199e+00
-4.390302831701969888e-01
1.713484443373431088e+00
-8.825370044347060627e-01
1.075976464391320553e+00
1.471021622987899846e+00
2.162502623554565240e-01
-4.999999999999530376e-01
-2.381879812211502134e+00
-4.529337075581854610e-01
-1.980345331799106212e+00
-3.659448893259739766e+00
1.795528167193740643e-01
-1.898079919765353063e-01
-8.331990778381233309e-02
1.383012467074145047e+00
1.730127834549501031e+00
3.212371205501947546e+00
5.816415266477799051e-01
1.003350008742624144e+00
3.005764260267354437e+00
-4.024221360199152775e-01
2.091667897386001451e-01
1.210803914278345328e+00
5.847617212079028182e-01
7.974332658068364887e-01
-9.373155116866679348e-01
1.051892620540269885e+00
3.795009064361858919e-01
-2.941791677055636267e+00
-4.989514660622667019e-01
-1.012199652803169814e+00
-2.118033988749938423e+00
-1.134162908391591618e+00
-9.078925438921876534e-01
1.472386387065523827e+00
-1.647067031046608454e-01
-4.160521222020536758e-01
2.467646431435361887e+00
-6.310518016000037367e-01
-1.511511357006586787e+00
-8.994977499431111578e-01
-1.887368119608539674e+00
-1.433528008772618767e+00
-2.918127364149810887e+00
-3.068340654540259727e-01
1.758119832829399876e+00
-4.628102546871315504e-01
2.537783425268528070e+00
3.573518452699278036e+00
2.187436318721910133e+00
2.220356511679812073e+00
8.469474813394617385e-01
2.034385080948301283e+00
-5.157484982864396494e-02
-2.069889798703635986e+00
1.128523562783628087e+00
-4.999999999998704370e-01
-1.301831338298427898e+00
2.317769364667719989e-01
-1.446052232744748922e-01
5.543522217022429643e-01
-1.695284325859531149e+00
-1.045816344928294672e+00
8.176719028670883516e-01
-2.564791994088740257e+00
-1.235841570745134455e+00
4.078863374624568938e-01
-5.249914897230807398e-01
1.790917021427441691e-01
-6.686098856515041433e-01
1.136366187487271917e+00
3.204471832806738973e-01
-2.720464960928679954e+00
-1.482403700834955540e-02
-8.958660726359313209e-01
-2.378878476643585760e+00
-6.207290663438236322e-01
-1.199559405634929021e-01
2.038121356162554854e+00
1.222590190681853706e+00
1.839937855395264110e+00
5.000000000000000000e+00
1.839937855395362254e+00
1.222590190681740463e+00
2.038121356162700071e+00
-1.199559405635052256e-01
-6.207290663438616019e-01
-2.378878476643441431e+00
-8.958660726360531124e-01
-1.482403700828227588e-02
-2.720464960928665299e+00
3.204471832805627085e-01
1.136366187487399593e+00
-6.686098856516156097e-01
1.790917021427584910e-01
-5.249914897229988053e-01
4.078863374623250548e-01
-1.235841570745009887e+00
-2.564791994088784666e+00
8.176719028670496048e-01
-1.045816344928176989e+00
-1.695284325859664376e+00
5.543522217023327814e-01
-1.446052232744686750e-01
2.317769364666711351e-01
-1.301831338298294005e+00
-4.999999999999868994e-01
1.128523562783642298e+00
-2.069889798703592021e+00
-5.157484982878923763e-02
2.034385080948410085e+00
8.469474813393742529e-01
2.220356511679772993e+00
2.187436318721944328e+00
3.573518452699377956e+00
2.537783425268641757e+00
-4.628102546870737077e-01
1.758119832829395879e+00
-3.068340654539897239e-01
-2.918127364149802005e+00
-1.433528008772472218e+00
-1.887368119608549666e+00
-8.994977499431520140e-01
-1.511511357006463108e+00
-6.310518015999637687e-01
2.467646431435313925e+00
-4.160521222022137144e-01
-1.647067031044899821e-01
1.472386387065719449e+00
-9.078925438922907931e-01
-1.134162908391733282e+00
-2.118033988749920660e+00
-1.012199652803064565e+00
-4.989514660621847675e-01
-2.941791677055636711e+00
3.795009064362032669e-01
1.051892620540144874e+00
-9.373155116866981329e-01
7.974332658069186452e-01
5.847617212079152527e-01
1.210803914278105742e+00
2.091667897386744190e-01
-4.024221360197876018e-01
3.005764260267303811e+00
1.003350008742923904e+00
5.816415266475989387e-01
3.212371205502059013e+00
1.730127834549621157e+00
1.383012467074019591e+00
-8.331990778344881832e-02
-1.898079919766203494e-01
1.795528167195811209e-01
-3.659448893259598989e+00
-1.980345331799451936e+00
-4.529337075578797611e-01
-2.381879812211505687e+00
-5.000000000001647571e-01
2.162502623554212189e-01
1.471021622987574329e+00
1.075976464391631193e+00
-8.825370044347492504e-01
1.713484443373263000e+00
-4.390302831698940644e-01
-2.985366020553949173e+00
-9.975545480038208179e-01
-1.914276690451529372e+00
-1.585508387246744144e+00
-1.637320971771962341e+00
-5.613543113696242148e-01
2.346177871032142370e+00
-1.194017911030933465e-01
1.002158826817176163e+00
3.285393392989361949e+00
7.774776601088879691e-01
1.066924857906636159e+00
8.507878852065572373e-01
1.394366901504204392e+00
1.485755188039034058e+00
-8.871214975181251905e-01
2.013183671856059398e+00
1.749536464017080073e+00
-1.118033988749961294e+00
5.192111861106185611e-01
-3.931912403328393646e-01
-1.022613158921555909e+00
-2.046828114595149906e+00
-2.632815837793907043e+00
2.909127360051825262e-01
-1.730430042120316259e+00
-1.515721639941284504e+00
1.919470688747495934e+00
4.543262828092359262e-01
5.546611150143598845e-01
2.381878937510054639e-01
8.278752910745612592e-02
1.418206207773070604e-01
-3.419528504810230629e+00
-1.679767656608734283e+00
-5.576327612413269907e-01
-2.961021653516273666e+00
-5.092664133915649760e-01
7.222538336452695162e-01
1.720793379527864708e+00
2.110181966131864151e+00
1.231209198371098434e+00
4.081151195219882233e+00
2.000000000000158984e+00
-2.809773957198330452e-01
1.996561107986269068e+00
2.497069865514919274e-01
-4.088671332424637095e-01
-5.021588268173720060e-01
-2.697921200304285172e-01
1.392099373916444893e+00
-1.512065404619728604e+00
-5.695032350660664822e-01
1.293121942182777762e+00
-1.907669111832246633e+00
-1.348957050209017794e+00
-9.805800450399932977e-01
-8.608769277084258320e-01
-5.013893631809382967e-01
-1.936484999792799533e+00
1.293655260358185899e+00
1.109302551337779663e+00
-1.423823119295265505e+00
9.832052291250710230e-01
-8.330982711816425912e-03
-1.222481446102933855e+00
-1.751639821826975307e+00
-2.242552161936794519e+00
1.180339887499235463e-01
-1.792960848483432734e+00
-9.755927417196872398e-01
2.996785307393563080e+00
1.548774541274467120e+00
2.295412780840524913e+00
3.136588061968153873e+00
2.820107721062327766e+00
2.624875077221654252e+00
-6.866379972196317016e-01
5.813594670840598333e-01
6.089081089016026294e-01
-2.891030615847080210e+00
-8.348434101564398135e-01
-3.369153270277489565e-01
-6.488072137014038177e-01
-2.683528550106146771e-01
-8.757548760161765200e-01
1.587426745902066560e+00
-4.302129254869465069e-01
-2.115100160307088473e+00
7.908760506841316928e-01
-1.077870929746017392e+00
-1.621264865428066804e+00
-7.232906922195045940e-01
-4.999999999999776290e-01
8.555118028678716513e-01
-1.517353224335564743e+00
-2.422183603807284424e-01
1.459812968718179560e+00
-2.038201180289906933e+00
-1.016355829829157731e+00
-2.157236261512713305e-01
-6.202912349408539194e-01
1.200315178631315982e-01
-3.881042554562461055e-01
2.975152758102435069e+00
2.946262129988403977e+00
9.438478784636595842e-01
3.959216420769933187e+00
2.615100160307383348e+00
6.393554381343526938e-01
1.779595109254594743e-01
-1.096476799741830321e+00
-2.688483101191695424e-01
-2.910540984110389751e+00
-2.579136830977906580e+00
7.192279848755862570e-01
-1.471335465831415057e+00
-5.141683565405663625e-01
1.118033988750068097e+00
6.271224785274464031e-01
7.576493014518005387e-01
-1.474280852419943777e+00
7.304574935352119158e-02
1.443640526869582885e-02
-3.336889640092242093e+00
-7.668874730520619520e-01
-3.617980670132584509e-01
-1.283131795519308005e+00
-3.469474813394081147e-01
-5.407082900273325610e-01
1.521929642623854217e+00
-2.380186793604919249e-01
-1.268613515030993621e+00
2.046328548588496332e+00
6.097197050100766624e-02
-1.711657153688239119e-01
1.699596260247299373e+00
1.767019435494765700e+00
2.842832201005439430e+00
1.000144648365313582e+00
2.161238659704092679e+00
3.107480728840360307e+00
-1.171947947249849964e+00
-5.000000000001063594e-01
-4.215096375276128349e-01
-2.376607998626748763e+00
-2.100489381749772733e+00
-2.609511319009218955e+00
4.567371719072632619e-02
-8.709403836154971934e-02
-1.438799393649726532e+00
2.342725614505958287e+00
1.218827259699875487e+00
-4.549494178340428574e-01
2.187756770294758679e-01
-9.214838534317133512e-01
-5.975596354499245200e-01
-2.902214678542105020e+00
-2.446853745908040167e+00
4.711940692541236597e-01
-2.054874128852613779e+00
-6.730562069638004186e-01
1.599819943221725715e+00
8.408240731718010785e-01
1.431882186849214644e+00
3.217675965209424449e-01
2.005180115675572861e+00
1.960235944105083394e+00
-1.000000000000000000e+00
1.960235944104959716e+00
2.005180115675785579e+00
3.217675965207815736e-01
1.431882186849297023e+00
8.408240731719208716e-01
1.599819943221562291e+00
-6.730562069635791511e-01
-2.054874128852694604e+00
4.711940692541028985e-01
-2.446853745907887845e+00
-2.902214678542322623e+00
-5.975596354497882956e-01
-9.214838534317636443e-01
2.187756770293318720e-01
-4.549494178338536754e-01
1.218827259699694077e+00
2.342725614506042664e+00
-1.438799393649640823e+00
-8.709403836169482549e-02
4.567371719095442151e-02
-2.609511319009335306e+00
-2.100489381749778506e+00
-2.376607998626613316e+00
-4.215096375278470919e-01
-4.999999999999814593e-01
-1.171947947249932120e+00
3.107480728840229744e+00
2.161238659704251663e+00
1.000144648365102196e+00
2.842832201005541126e+00
1.767019435494817881e+00
1.699596260247145274e+00
-1.711657153685956501e-01
6.097197050089153691e-02
2.046328548588527863e+00
-1.268613515030852845e+00
-2.380186793606711704e-01
1.521929642624052059e+00
-5.407082900273934012e-01
-3.469474813394756163e-01
-1.283131795519113938e+00
-3.617980670134591237e-01
-7.668874730519558147e-01
-3.336889640092232323e+00
1.443640526853551265e-02
7.304574935370815314e-02
-1.474280852420118748e+00
7.576493014518383973e-01
6.271224785275615332e-01
1.118033988749882024e+00
-5.141683565403569744e-01
-1.471335465831477896e+00
7.192279848755471772e-01
-2.579136830977737382e+00
-2.910540984110602913e+00
-2.688483101190534130e-01
-1.096476799741874730e+00
1.779595109252789520e-01
6.393554381345194493e-01
2.615100160307179511e+00
3.959216420769968270e+00
9.438478784637444052e-01
2.946262129988238776e+00
2.975152758102659778e+00
-3.881042554563268743e-01
1.200315178631389257e-01
-6.202912349406625170e-01
-2.157236261514601794e-01
-1.016355829828996082e+00
-2.038201180289924253e+00
1.459812968718064319e+00
-2.422183603805406760e-01
-1.517353224335755479e+00
8.555118028679531417e-01
-4.999999999999195088e-01
-7.232906922196892241e-01
-1.621264865427863633e+00
-1.077870929746144624e+00
7.908760506841175930e-01
-2.115100160306949917e+00
-4.302129254871420172e-01
1.587426745902242864e+00
-8.757548760162212620e-01
-2.683528550106986099e-01
-6.488072137012002027e-01
-3.369153270279458545e-01
-8.348434101563546594e-01
-2.891030615847057561e+00
6.089081089014106718e-01
5.813594670842217038e-01
-6.866379972198185522e-01
2.624875077221644482e+00
2.820107721062433903e+00
3.136588061967947372e+00
2.295412780840923705e+00
1.548774541274356320e+00
2.996785307393610154e+00
-9.755927417194677487e-01
-1.792960848483592606e+00
1.180339887500732043e-01
-2.242552161936750998e+00
-1.751639821826965093e+00
-1.222481446102735791e+00
-8.330982711996393064e-03
9.832052291250859000e-01
-1.423823119295058559e+00
1.109302551337800313e+00
1.293655260358375303e+00
-1.936484999792888129e+00
-5.013893631809734908e-01
-8.608769277080547955e-01
-9.805800450399683177e-01
-1.348957050208874353e+00
-1.907669111832244635e+00
1.293121942182635209e+00
-5.695032350656499265e-01
-1.512065404619728159e+00
1.392099373916500182e+00
-2.697921200303966538e-01
-5.021588268175821712e-01
-4.088671332420665827e-01
2.497069865515134657e-01
1.996561107986239758e+00
-2.809773957196862737e-01
1.999999999999947820e+00
4.081151195220223293e+00
1.231209198371112201e+00
2.110181966131943199e+00
1.720793379528107181e+00
7.222538336451216345e-01
-5.092664133913882285e-01
-2.961021653516112462e+00
-5.576327612413063406e-01
-1.679767656608540660e+00
-3.419528504810388725e+00
1.418206207772771954e-01
8.278752910770270645e-02
2.381878937510013006e-01
5.546611150145224212e-01
4.543262828091969574e-01
1.919470688747311193e+00
-1.515721639940877274e+00
-1.730430042120267853e+00
2.909127360053249678e-01
-2.632815837793863967e+00
-2.046828114595300452e+00
-1.022613158921127585e+00
-3.931912403328529093e-01
5.192111861106285531e-01
-1.118033988749861818e+00
1.749536464016896220e+00
2.013183671856415113e+00
-8.871214975181748175e-01
1.485755188038954122e+00
1.394366901504358047e+00
8.507878852063304187e-01
1.066924857906865309e+00
7.774776601089307126e-01
3.285393392989131023e+00
1.002158826817233672e+00
-1.194017911031506340e-01
2.346177871032333329e+00
-5.613543113694619002e-01
-1.637320971772018519e+00
-1.585508387246598927e+00
-1.914276690451622187e+00
-9.975545480038260360e-01
-2.985366020554027777e+00
-4.390302831699303132e-01
1.713484443373324062e+00
-8.825370044348042065e-01
1.075976464391355858e+00
1.471021622987602528e+00
2.162502623555052628e-01
-5.000000000000003331e-01
-2.381879812211346703e+00
-4.529337075582281491e-01
-1.980345331799161723e+00
-3.659448893259601654e+00
1.795528167196013269e-01
-1.898079919766229584e-01
-8.331990778391433483e-02
1.383012467074221208e+00
1.730127834549527677e+00
3.212371205502079441e+00
5.816415266478721646e-01
1.003350008742597055e+00
3.005764260267415722e+00
-4.024221360197185460e-01
2.091667897383296948e-01
1.210803914278521631e+00
5.847617212079461169e-01
7.974332658068972179e-01
-9.373155116865357073e-01
1.051892620539979006e+00
3.795009064365717499e-01
-2.941791677055628274e+00
-4.989514660622689224e-01
-1.012199652802903138e+00
-2.118033988750226637e+00
-1.134162908391475710e+00
-9.078925438922058611e-01
1.472386387065463431e+00
-1.647067031042144247e-01
-4.160521222024500254e-01
2.467646431435356114e+00
-6.310518015998467511e-01
-1.511511357006625422e+00
-8.994977499429535062e-01
-1.887368119608622941e+00
-1.433528008772618101e+00
-2.918127364149844638e+00
-3.068340654542592860e-01
1.758119832829472928e+00
-4.628102546871427636e-01
2.537783425268311355e+00
3.573518452699317560e+00
2.187436318721852402e+00
2.220356511679835609e+00
8.469474813395992951e-01
2.034385080947995306e+00
-5.157484982871934909e-02
-2.069889798703619554e+00
1.128523562783577683e+00
-4.999999999997201683e-01
-1.301831338298648610e+00
2.317769364669706733e-01
-1.446052232744664545e-01
5.543522217022093246e-01
-1.695284325859464314e+00
-1.045816344928530928e+00
8.176719028671806111e-01
-2.564791994088815752e+00
-1.235841570745196849e+00
4.078863374625283367e-01
-5.249914897233483035e-01
1.790917021426683409e-01
-6.686098856515242383e-01
1.136366187487218404e+00
3.204471832806071729e-01
-2.720464960928711484e+00
-1.482403700862111595e-02
-8.958660726360313520e-01
-2.378878476643600415e+00
-6.207290663438874700e-01
-1.199559405634867959e-01
2.038121356162326148e+00
1.222590190681685396e+00
1.839937855395229249e+00
