5.000000000000000000e+00
1.089816770935553958e+00
5.569476780985278541e-01
1.770169527574243062e+00
-1.407530735207453088e+00
1.025089197312323952e+00
1.170523647769561082e+00
-2.331866155525769813e+00
-1.450969816920845812e+00
-2.150816929944131317e+00
-1.940687984750434358e+00
2.713198291978620169e-01
-1.085770008399908892e-01
-6.948328230297946551e-01
-1.288873890720549475e+00
-2.118190270056856672e-01
7.516725232037093640e-01
5.097206556309832326e-01
1.703277179893235349e+00
-9.315396074891890699e-01
-1.894952227646608200e+00
1.026280365952216833e+00
-8.218159597131103888e-01
5.679503870798077170e-01
1.764542827172108863e+00
-2.407130299749860036e+00
4.521898842893407044e-01
1.992928045416843430e+00
2.252417689136885226e-01
3.623996560129545852e+00
1.359057997228205972e+00
-1.095680523686006325e+00
1.711344462594319715e+00
1.924423855088203128e-01
2.117506803100793200e-01
7.181302501840580721e-01
-2.488184915485303961e+00
-2.775416894583090155e+00
-2.077744400033819439e+00
-1.420469040456440402e+00
-8.236801249789563739e-01
-1.268144262840297243e+00
-9.719014895370745588e-01
-1.716505176221711615e+00
4.006556325548182862e-01
2.743229966170986689e+00
7.175210156439506548e-01
2.020417702961710749e+00
1.161265935183275033e+00
-1.218847452447774149e+00
2.798915279257717881e+00
1.490527912221243145e+00
-6.544752939305898964e-01
1.472570395179235492e+00
-2.183756770040145678e+00
-1.410894129071980752e+00
2.140735587048054889e+00
-5.706733463423624420e-01
4.516851717992175219e-01
4.920621298449097125e-01
-1.921381708892706319e+00
7.317787419007852900e-01
1.254059318575032833e+00
9.784674125670811407e-02
-1.908748295652262783e-01
-1.772848581213742891e+00
-1.853609309180981990e+00
-1.397335423810427191e+00
-1.835117818400948675e-01
-5.178148503819942627e-01
-2.398015517764622295e+00
-6.166025200025413433e-01
-7.597397719689672480e-01
1.084379991537582910e-01
3.770121319223231904e+00
8.596893105213022634e-01
7.030461745939841078e-01
2.833470252285718693e+00
-3.250644103775868210e-02
2.757518994582688343e+00
3.179087724240637680e+00
-1.530777242606126798e+00
8.365220279117391300e-02
-1.089963702757061448e+00
-2.400592302687681645e+00
9.411885062104200506e-01
-1.110694744751805629e+00
-2.420250948995892770e+00
-1.153535627893037763e+00
-1.748566368892163769e+00
3.238564288092116161e-02
1.134869861945325242e+00
4.744047580411915876e-01
-4.714039832518723827e-01
-9.542029698462853871e-01
6.637570757885766781e-01
2.134749426343662826e-01
6.007872882885698651e-01
8.831482954737556179e-01
-2.533841805694502902e+00
-5.000000000000237588e-01
1.126619029892433232e+00
-5.800341509377463511e-01
2.703537002854288218e+00
8.918561562802490572e-01
-1.398866228578906412e+00
2.766522399257402842e+00
1.243650138443734177e+00
1.252901034010678316e+00
3.044423093882437037e+00
-1.529305762514576505e+00
-1.349303517850750644e+00
4.327909784866806886e-02
-1.789561506356224241e+00
-4.845554860269796205e-01
-1.537804874718785353e+00
-3.382397924022900959e+00
-2.295670074709943442e+00
-1.166676839038491842e+00
3.227678555962416596e-01
2.492175581955232699e-01
4.338839666339111556e-01
3.421051474664974501e-01
-3.233640939058314845e-01
2.854560068662971961e+00
2.414213562373134891e+00
4.498426198151845856e-01
1.997112514790051474e+00
-1.227759153725201280e+00
-8.438225512887261859e-01
2.585592944486572620e+00
-8.816315443373281546e-01
-9.026015544546328595e-02
4.219964921947021441e-01
-2.849840449908208839e+00
1.009379996945245939e+00
1.779439205785105393e+00
-4.915294922516457721e-01
1.194671061069076501e+00
-9.732254001767717266e-01
-1.578192003045297387e+00
7.666487308690684843e-01
-1.777737047430404393e-01
-8.133932583409416717e-01
-1.773833312971097476e+00
-2.392162641253201105e+00
-1.709397029933123591e+00
-7.289159668871478814e-01
1.119409402645216378e+00
-3.930129479858004427e-01
-5.845030060851940101e-01
1.546104691153672439e+00
3.235560398189368803e-01
3.069466772970934176e+00
3.998587477690734637e+00
-2.141294160813046465e-01
1.665039976301371905e+00
8.623874313905861566e-01
-1.084065104345186104e+00
2.538188922044974483e+00
-5.733884519023760840e-01
-2.877766399192914104e+00
-6.297965531618118229e-01
-2.826594910119560655e+00
-1.026060103337025797e+00
1.091139802127659486e+00
-1.546398290911223938e+00
-9.535816034743751501e-01
-5.404725846707466586e-01
-3.682329527249931234e-01
1.302596909983633200e+00
1.088903154651416738e+00
2.276112323655006819e-01
-1.356259763693903553e+00
-6.755951105186656092e-01
5.895985537835279899e-01
-3.968835022364609610e-01
1.266276245670495904e+00
-2.013079567723191632e-01
-2.082499968846014404e+00
1.886857106437572096e+00
1.093059488522151845e+00
1.202752986659731960e+00
3.674330305057603940e+00
-7.158432535357398541e-01
2.650109562867070112e-02
2.394646194288716501e+00
-6.361952011062570467e-01
1.144327747167854126e+00
-1.118227266817680976e-01
-3.890764695113447136e+00
-1.563029526705919103e+00
-1.623378758914688857e+00
-1.793664239512549941e+00
-3.204771258857603833e-01
-1.875331755907648112e+00
-1.840605877989806016e+00
-4.538496379814287440e-01
1.199475477568983095e+00
1.994915918248860720e+00
1.118033988749858487e+00
1.547816230670804094e+00
3.456534925196919072e-02
4.955768880181044000e-01
3.117173406215537845e+00
2.041729389078483503e-01
1.475132697968425388e-01
4.615190549909651274e-01
-2.869216809323495099e+00
7.937143720679613601e-01
1.598800688307308038e+00
-1.370150383105477543e+00
1.258215091124953222e+00
-8.336943729345414056e-01
-1.633018113074633959e+00
2.464395904528286163e+00
3.279289238063661793e-01
-3.869289930587916926e-01
1.421273933122246813e-02
-2.701075051418034612e+00
-1.319235183160201386e+00
-1.359634328247715240e-01
-9.467033889881153463e-01
-1.231646700094557456e+00
-1.932630588881394829e+00
-1.062133275821882661e+00
-2.713235198117312508e-01
1.666600586882036605e+00
2.599081064241136829e+00
1.466374655866454213e-01
1.674826429273191586e+00
1.929089963218675541e+00
7.514667104946479714e-01
4.003708622119215299e+00
1.094376412570360113e+00
-1.620939029063543035e+00
7.589141185169038240e-01
-2.153947803277297623e+00
-9.841558903458171859e-01
1.301961110354289630e+00
-3.013189155657378215e+00
-1.870471457821718753e+00
-8.159450326749947413e-01
-2.080158117521173189e+00
1.366358620759731801e+00
9.586632862861670379e-01
-9.541211835538794261e-01
-8.772495016446824057e-02
-4.399192255183287381e-01
4.534193588378149231e-01
9.999999999999825695e-01
4.433470733422880672e-01
-7.558907405966059923e-01
-1.881403718894006705e+00
3.840826586139339249e-01
4.992739685567485486e-01
5.111090945478776737e-01
2.305870887268096858e+00
-8.591110474092076288e-01
1.426246234358524712e-01
3.138770194716142825e+00
5.385025843775088639e-01
2.509040912368479592e+00
1.680949809230016356e+00
-2.707967864090048860e+00
3.460910495660578512e-01
-2.885635411429285924e-01
-2.006234708907155273e+00
2.339879726018757600e-01
-3.042841196194914222e+00
-3.659055831902120914e+00
-8.122765546326480290e-01
-1.211774452615433040e+00
2.431285026111794645e-01
5.965978502014176454e-01
-5.559007129279339710e-01
1.563576912543308550e-01
1.256778779861253081e+00
2.745513892121020039e+00
1.723944230120455057e+00
9.444725539886728027e-01
7.770197082459588955e-01
-1.364878355573313939e+00
1.099752750485031294e+00
1.661973110156570677e+00
-1.392742314570384554e+00
6.041390455114694635e-01
-1.160623427586332745e+00
-2.017773282168795923e+00
2.683321894611283120e+00
3.383656339502985055e-01
-3.697001522241951665e-01
1.312292206189532573e+00
-2.281730996360747277e+00
-2.228936351370195412e-01
1.548440421179969828e+00
-1.470108210958516848e+00
-7.711574693875402620e-01
-1.928761959241296786e+00
-2.970887585089328820e+00
-5.000000000001102451e-01
-1.761242877301150145e-02
-4.433007072434280715e-02
-4.875582263493495327e-01
-1.587625005768287245e-01
1.023773172777512341e+00
1.556196352066298250e+00
3.753374344280985042e+00
2.145061771494665592e+00
7.114723585741622447e-02
2.031211723336955544e+00
-6.387966641956466241e-02
5.576612164213280431e-01
2.338184164695726430e+00
-2.570348587390073547e+00
-1.886054067405425583e+00
-7.760390373124147478e-01
-3.152647292477794405e+00
7.569571181085550382e-01
1.426597376587258881e-01
-2.738415689567746281e+00
8.313159027924821309e-02
-7.400999075582187503e-01
-1.111308388261171287e-01
2.374186991712203376e+00
2.843543496640377199e-02
-7.474762438999962288e-01
-5.379368462956741759e-01
-5.031918137347383135e-01
5.581620406054216277e-01
4.500164501040976317e-01
2.928525873852018124e-01
-1.279739356699221453e+00
-6.033429996597663436e-01
1.970412510755420676e+00
8.460265201296057747e-01
2.339231614842863571e+00
2.067036719075982631e+00
-1.364521247359436362e+00
1.848887331629806230e+00
1.645042041860459658e+00
-5.482868880823811297e-01
1.796888861771635648e+00
-2.213053047632600023e+00
-3.589095319473801116e+00
-1.606332130902261568e-01
-2.410606680394825840e+00
-1.270656269838453589e+00
-2.984239600520520175e-01
-3.322377588780621060e+00
-1.033530982664953690e+00
7.182872783756503177e-01
7.903196868481570103e-01
2.116222578512671149e+00
1.043757940887232616e+00
4.079332386242433550e-01
6.600820799946871542e-01
1.798847941437475617e+00
2.175247617955244461e+00
3.916414055830941265e-02
3.033440235479200608e-01
-9.758283453962459664e-01
-1.667669055116633103e+00
2.016414514274536884e+00
6.102448894682596658e-02
-8.837989578867559981e-01
1.121993615522589360e+00
-2.097052572278938154e+00
3.159729251922085425e-01
2.759099259645255486e+00
-1.127655689643636272e+00
2.737840263486512882e-01
-7.413695153330229770e-01
-3.192922480905129756e+00
4.469238123648101579e-01
-4.142135623729326088e-01
-1.957793636482954236e+00
-8.724458722092766072e-01
-2.311233816524830065e+00
-1.003922491573947973e+00
1.208719696647286623e+00
1.554699859711545784e+00
1.392389608785438604e+00
6.206139946256041817e-01
1.654551089637276595e+00
1.663385913777377656e+00
2.325019180758632675e+00
3.314446528379142887e+00
-5.162770918960677413e-01
-5.997502277224920908e-01
2.544577830172722877e-01
-2.238610222455146292e+00
7.445728792012937802e-01
-2.581954553470341418e-01
-3.880273632233831371e+00
-5.853631740501186176e-01
-1.557495245326093070e+00
-1.316230391228828678e+00
2.489763240431028812e+00
-8.013446995025881314e-01
-1.118033988749969954e+00
7.575689080674276044e-01
-8.580162157069937123e-01
1.198023214844103901e+00
1.374505854661318693e+00
-1.038519704960067846e+00
-9.698523733259765134e-01
-8.792616329902163130e-01
2.384189993852306455e-01
8.550321720172844309e-01
1.039267947077055387e+00
7.196873013292492960e-01
-8.407821726282809216e-01
1.660692757952085596e+00
2.423866256257904084e+00
9.959778160467624986e-01
2.824606522531756703e+00
-4.669609003767395405e-01
-1.903864144161417915e+00
1.455396877266217803e+00
-1.426474364152753083e+00
-1.110453799326022839e+00
-2.430741403313375626e-01
-4.727666862275079929e+00
-2.126117529012899521e+00
-2.416553217713057478e-01
-1.792817829747436420e+00
1.046707407690607550e+00
-1.816680923615388021e-01
-1.382765858564182881e+00
1.546456934634280023e+00
1.753534076562729638e+00
2.143221886608585258e+00
1.919018436390174775e+00
3.617270183326664057e-01
-8.670439056275403011e-02
1.517243646351906783e-02
1.604142222332667345e+00
4.479296450144559794e-01
-9.074811350023080925e-01
6.182873711622927093e-02
-1.983944420693275701e+00
6.999784078035864443e-02
2.530383451110968629e+00
-9.050163608673436055e-01
5.593355459416421427e-01
1.843883914736883511e-01
-2.413978259509953705e+00
1.809620700774965840e+00
4.867755772547978643e-01
-2.180881290507771908e+00
-2.042239019708143033e-01
-3.055462545172682898e+00
-2.295998284331244754e+00
9.295441796129108036e-01
-9.906166060830935427e-01
-4.760359978947920068e-01
-1.037067651482739827e-01
-5.850231135968884111e-01
1.692158482684358312e+00
2.760846447236199541e+00
2.733640551962576382e+00
1.318186208990229868e+00
7.810990940618491862e-01
1.459305847922223620e+00
3.535233397739770411e-01
1.778151353652564826e+00
5.203813719178533859e-01
-3.062010078836413740e+00
-8.283748194863497227e-01
-1.733820626399453779e+00
-2.036015762834159304e+00
1.573568734219015441e+00
-1.967795965649814516e+00
-2.228462781916800584e+00
7.890963109999533653e-01
-1.439268496782348139e+00
1.341778702413120472e+00
2.209122571338888008e+00
-1.691919454998004557e+00
-8.927717498255227646e-02
-1.822116254871281038e-01
-7.178224967967743453e-01
1.487753257580880506e+00
5.414034822383262391e-02
-1.063028952491671397e+00
-6.601798548527215704e-01
2.218348289823671715e-01
1.633462022862880891e+00
1.569143865533821236e+00
2.066269023809170324e+00
4.229700955586238598e-01
-2.240862631635350821e-01
2.557578925272674386e+00
7.069440675383587003e-01
4.328480575303732536e-01
8.374922102677065938e-01
-3.739298196632531379e+00
-1.752757644213758237e+00
-1.930503387552927608e-01
-3.000000000000000000e+00
-1.930503387555110306e-01
-1.752757644213262633e+00
-3.739298196632758309e+00
8.374922102673088009e-01
4.328480575305750921e-01
7.069440675381470918e-01
2.557578925272747661e+00
-2.240862631632239976e-01
4.229700955583620692e-01
2.066269023809036209e+00
1.569143865533911164e+00
1.633462022862933072e+00
2.218348289825069486e-01
-6.601798548525690258e-01
-1.063028952491769541e+00
5.414034822353763765e-02
1.487753257581031718e+00
-7.178224967966442271e-01
-1.822116254872583330e-01
-8.927717498218079584e-02
-1.691919454998334515e+00
2.209122571338539842e+00
1.341778702413575219e+00
-1.439268496782426077e+00
7.890963109999562519e-01
-2.228462781916438207e+00
-1.967795965650302348e+00
1.573568734219022769e+00
-2.036015762833853771e+00
-1.733820626399577236e+00
-8.283748194861477732e-01
-3.062010078836217453e+00
5.203813719175152119e-01
1.778151353652509536e+00
3.535233397739246386e-01
1.459305847922291122e+00
7.810990940618478540e-01
1.318186208990083319e+00
2.733640551962266407e+00
2.760846447236261270e+00
1.692158482684383625e+00
-5.850231135969440333e-01
-1.037067651481155539e-01
-4.760359978946401283e-01
-9.906166060834222797e-01
9.295441796129232381e-01
-2.295998284330863282e+00
-3.055462545172780153e+00
-2.042239019707779990e-01
-2.180881290507821202e+00
4.867755772546962789e-01
1.809620700775166124e+00
-2.413978259509879543e+00
1.843883914737067253e-01
5.593355459417386211e-01
-9.050163608673994498e-01
2.530383451110790105e+00
6.999784078064452686e-02
-1.983944420693185995e+00
6.182873711622094426e-02
-9.074811350022815581e-01
4.479296450144192310e-01
1.604142222332858969e+00
1.517243646390553646e-02
-8.670439056276380008e-02
3.617270183325136390e-01
1.919018436390196092e+00
2.143221886608690951e+00
1.753534076562530464e+00
1.546456934634841573e+00
-1.382765858563864692e+00
-1.816680923621059041e-01
1.046707407690932401e+00
-1.792817829747269220e+00
-2.416553217714448865e-01
-2.126117529012163221e+00
-4.727666862275361481e+00
-2.430741403317766558e-01
-1.110453799325792579e+00
-1.426474364153307528e+00
1.455396877266321498e+00
-1.903864144160758887e+00
-4.669609003775389011e-01
2.824606522531650565e+00
9.959778160468968355e-01
2.423866256257575458e+00
1.660692757952473064e+00
-8.407821726282489472e-01
7.196873013289881715e-01
1.039267947076994991e+00
8.550321720171922824e-01
2.384189993853163547e-01
-8.792616329900897476e-01
-9.698523733257863322e-01
-1.038519704960277235e+00
1.374505854661028925e+00
1.198023214844414319e+00
-8.580162157070867490e-01
7.575689080673294606e-01
-1.118033988749728591e+00
-8.013446995029510633e-01
2.489763240430980851e+00
-1.316230391228502716e+00
-1.557495245326396383e+00
-5.853631740497848845e-01
-3.880273632233769199e+00
-2.581954553476738523e-01
7.445728792016161890e-01
-2.238610222455004628e+00
2.544577830170849930e-01
-5.997502277222623857e-01
-5.162770918962281685e-01
3.314446528379068724e+00
2.325019180758808979e+00
1.663385913777494451e+00
1.654551089637202210e+00
6.206139946257596129e-01
1.392389608785324251e+00
1.554699859711432097e+00
1.208719696647549302e+00
-1.003922491573634224e+00
-2.311233816524977058e+00
-8.724458722091801288e-01
-1.957793636482855870e+00
-4.142135623732519090e-01
4.469238123650682848e-01
-3.192922480904912597e+00
-7.413695153333560439e-01
2.737840263488324211e-01
-1.127655689643899173e+00
2.759099259644969049e+00
3.159729251928988791e-01
-2.097052572279141547e+00
1.121993615522404841e+00
-8.837989578864305917e-01
6.102448894646345101e-02
2.016414514274636804e+00
-1.667669055116332011e+00
-9.758283453964454734e-01
3.033440235478361835e-01
3.916414055827810436e-02
2.175247617954985557e+00
1.798847941437587528e+00
6.600820799948506901e-01
4.079332386241435460e-01
1.043757940886960389e+00
2.116222578512689356e+00
7.903196868480392157e-01
7.182872783755651636e-01
-1.033530982664639719e+00
-3.322377588780794255e+00
-2.984239600524376534e-01
-1.270656269838064123e+00
-2.410606680395081192e+00
-1.606332130900012256e-01
-3.589095319473448065e+00
-2.213053047632723924e+00
1.796888861771663404e+00
-5.482868880823352775e-01
1.645042041860249382e+00
1.848887331630017616e+00
-1.364521247359397282e+00
2.067036719075834750e+00
2.339231614842844031e+00
8.460265201297825222e-01
1.970412510755243485e+00
-6.033429996595477407e-01
-1.279739356699165276e+00
2.928525873850096328e-01
4.500164501041342691e-01
5.581620406054491612e-01
-5.031918137347182185e-01
-5.379368462954853269e-01
-7.474762438999308367e-01
2.843543496632539025e-02
2.374186991712269545e+00
-1.111308388258654134e-01
-7.400999075583842846e-01
8.313159027947547575e-02
-2.738415689567776923e+00
1.426597376584737564e-01
7.569571181087111356e-01
-3.152647292477780194e+00
-7.760390373125186647e-01
-1.886054067405145362e+00
-2.570348587390230755e+00
2.338184164695669587e+00
5.576612164218889278e-01
-6.387966641990530658e-02
2.031211723336878716e+00
7.114723585765703184e-02
2.145061771493946168e+00
3.753374344281209751e+00
1.556196352066637534e+00
1.023773172777580287e+00
-1.587625005766383213e-01
-4.875582263493642987e-01
-4.433007072458416964e-02
-1.761242877305990717e-02
-4.999999999997293276e-01
-2.970887585089175609e+00
-1.928761959241788393e+00
-7.711574693872346176e-01
-1.470108210959007344e+00
1.548440421179738236e+00
-2.228936351362831303e-01
-2.281730996361110542e+00
1.312292206189241472e+00
-3.697001522238728688e-01
3.383656339495706433e-01
2.683321894611592651e+00
-2.017773282168308313e+00
-1.160623427586919831e+00
6.041390455116948388e-01
-1.392742314570321494e+00
1.661973110155918754e+00
1.099752750485666342e+00
-1.364878355573296176e+00
7.770197082456758997e-01
9.444725539887152133e-01
1.723944230120244114e+00
2.745513892120986288e+00
1.256778779861470685e+00
1.563576912544084596e-01
-5.559007129279868176e-01
5.965978502014221974e-01
2.431285026113937375e-01
-1.211774452615606013e+00
-8.122765546323768016e-01
-3.659055831901873557e+00
-3.042841196195380515e+00
2.339879726018656569e-01
-2.006234708907016717e+00
-2.885635411431064501e-01
3.460910495664838438e-01
-2.707967864090107479e+00
1.680949809229697056e+00
2.509040912369024934e+00
5.385025843774016163e-01
3.138770194716013151e+00
1.426246234363390819e-01
-8.591110474094992844e-01
2.305870887267815306e+00
5.111090945480906145e-01
4.992739685566931485e-01
3.840826586141660171e-01
-1.881403718893969623e+00
-7.558907405968054993e-01
4.433470733422553156e-01
1.000000000000158762e+00
4.534193588377930517e-01
-4.399192255183749234e-01
-8.772495016424985970e-02
-9.541211835541709707e-01
9.586632862859176818e-01
1.366358620760074194e+00
-2.080158117520972461e+00
-8.159450326751102045e-01
-1.870471457821390793e+00
-3.013189155657729046e+00
1.301961110354096007e+00
-9.841558903455025487e-01
-2.153947803277668882e+00
7.589141185168767345e-01
-1.620939029063373837e+00
1.094376412569817214e+00
4.003708622119236615e+00
7.514667104949234178e-01
1.929089963218500126e+00
1.674826429273260198e+00
1.466374655864643994e-01
2.599081064240931216e+00
1.666600586882176049e+00
-2.713235198116862312e-01
-1.062133275822036982e+00
-1.932630588881339762e+00
-1.231646700094608748e+00
-9.467033889883809117e-01
-1.359634328246241974e-01
-1.319235183159893854e+00
-2.701075051418168727e+00
1.421273933129479916e-02
-3.869289930587015980e-01
3.279289238061672274e-01
2.464395904528409620e+00
-1.633018113074385491e+00
-8.336943729349162169e-01
1.258215091125126639e+00
-1.370150383105509295e+00
1.598800688307068452e+00
7.937143720683890180e-01
-2.869216809323469786e+00
4.615190549907348672e-01
1.475132697970081841e-01
2.041729389077058809e-01
3.117173406215604903e+00
4.955768880183210046e-01
3.456534925200649422e-02
1.547816230670678195e+00
1.118033988750040786e+00
1.994915918248810982e+00
1.199475477569005966e+00
-4.538496379811671755e-01
-1.840605877989870187e+00
-1.875331755907842846e+00
-3.204771258857056493e-01
-1.793664239512616332e+00
-1.623378758914731268e+00
-1.563029526705800532e+00
-3.890764695113398730e+00
-1.118227266819383781e-01
1.144327747168029763e+00
-6.361952011065112877e-01
2.394646194288564622e+00
2.650109562930358376e-02
-7.158432535364493976e-01
3.674330305057291746e+00
1.202752986660339918e+00
1.093059488521737510e+00
1.886857106437908715e+00
-2.082499968845698657e+00
-2.013079567728565111e-01
1.266276245670526324e+00
-3.968835022362751097e-01
5.895985537834265156e-01
-6.755951105183380934e-01
-1.356259763693967502e+00
2.276112323651995895e-01
1.088903154651359229e+00
1.302596909983799511e+00
-3.682329527248752177e-01
-5.404725846708383630e-01
-9.535816034742384817e-01
-1.546398290911531914e+00
1.091139802127385927e+00
-1.026060103336449592e+00
-2.826594910119847093e+00
-6.297965531617474300e-01
-2.877766399192727143e+00
-5.733884519030145732e-01
2.538188922045208518e+00
-1.084065104344851482e+00
8.623874313901255251e-01
1.665039976301731173e+00
-2.141294160814792846e-01
3.998587477690263903e+00
3.069466772971371604e+00
3.235560398191000830e-01
1.546104691153558974e+00
-5.845030060848672715e-01
-3.930129479860540731e-01
1.119409402645145324e+00
-7.289159668868590014e-01
-1.709397029932990808e+00
-2.392162641253193556e+00
-1.773833312971185183e+00
-8.133932583410150574e-01
-1.777737047432362827e-01
7.666487308692595537e-01
-1.578192003045000513e+00
-9.732254001771912799e-01
1.194671061069271234e+00
-4.915294922516597609e-01
1.779439205784797196e+00
1.009379996945813929e+00
-2.849840449908206619e+00
4.219964921944238112e-01
-9.026015544514331967e-02
-8.816315443375131178e-01
2.585592944486606370e+00
-8.438225512883001933e-01
-1.227759153725382690e+00
1.997112514789886273e+00
4.498426198153467892e-01
2.414213562372923505e+00
2.854560068663147376e+00
-3.233640939055907881e-01
3.421051474663232561e-01
4.338839666337576118e-01
2.492175581954821362e-01
3.227678555964242912e-01
-1.166676839038341296e+00
-2.295670074709847963e+00
-3.382397924022743307e+00
-1.537804874718921244e+00
-4.845554860268009856e-01
-1.789561506356256437e+00
4.327909784886496691e-02
-1.349303517850480638e+00
-1.529305762514973521e+00
3.044423093882409503e+00
1.252901034010907910e+00
1.243650138443447517e+00
2.766522399257615561e+00
-1.398866228578759641e+00
8.918561562797451270e-01
2.703537002854300209e+00
-5.800341509375688265e-01
1.126619029892179213e+00
-4.999999999999122369e-01
-2.533841805694494909e+00
8.831482954735034863e-01
6.007872882887398402e-01
2.134749426344678125e-01
6.637570757887496509e-01
-9.542029698462518583e-01
-4.714039832519203443e-01
4.744047580411593912e-01
1.134869861945319247e+00
3.238564288103107369e-02
-1.748566368892248368e+00
-1.153535627893005344e+00
-2.420250948996039764e+00
-1.110694744752155128e+00
9.411885062105278532e-01
-2.400592302687712287e+00
-1.089963702757182462e+00
8.365220279133134262e-02
-1.530777242606276456e+00
3.179087724240507562e+00
2.757518994583201710e+00
-3.250644103766509030e-02
2.833470252285605007e+00
7.030461745943261676e-01
8.596893105212994879e-01
3.770121319223124878e+00
1.084379991540506127e-01
-7.597397719690659468e-01
-6.166025200025870845e-01
-2.398015517764587212e+00
-5.178148503821594639e-01
-1.835117818401525991e-01
-1.397335423810342814e+00
-1.853609309180971554e+00
-1.772848581213869457e+00
-1.908748295651649940e-01
9.784674125665879241e-02
1.254059318574759718e+00
7.317787419013436212e-01
-1.921381708892828222e+00
4.920621298444550762e-01
4.516851717997260596e-01
-5.706733463426441055e-01
2.140735587048054445e+00
-1.410894129070883629e+00
-2.183756770040695461e+00
1.472570395179249925e+00
-6.544752939302418415e-01
1.490527912220715789e+00
2.798915279258195721e+00
-1.218847452447570756e+00
1.161265935182780984e+00
2.020417702961899931e+00
7.175210156436573339e-01
2.743229966170866785e+00
4.006556325552030895e-01
-1.716505176221803985e+00
-9.719014895374924468e-01
-1.268144262840259495e+00
-8.236801249789496016e-01
-1.420469040456129539e+00
-2.077744400033742167e+00
-2.775416894582980021e+00
-2.488184915485846638e+00
7.181302501841985153e-01
2.117506803103803570e-01
1.924423855082864065e-01
1.711344462594801330e+00
-1.095680523685803598e+00
1.359057997227200554e+00
3.623996560129866040e+00
2.252417689139056822e-01
1.992928045416417326e+00
4.521898842897978943e-01
-2.407130299750098068e+00
1.764542827171698303e+00
5.679503870800530763e-01
-8.218159597132790317e-01
1.026280365952431106e+00
-1.894952227646419463e+00
-9.315396074896531431e-01
1.703277179893264881e+00
5.097206556311268955e-01
7.516725232038121707e-01
-2.118190270054185476e-01
-1.288873890720476201e+00
-6.948328230298204122e-01
-1.085770008402628939e-01
2.713198291981229748e-01
-1.940687984750349981e+00
-2.150816929944332934e+00
-1.450969816920510080e+00
-2.331866155526221895e+00
1.170523647769204256e+00
1.025089197313028055e+00
-1.407530735207700445e+00
1.770169527574043222e+00
5.569476780989890408e-01
1.089816770935042811e+00
