5.000000000000000000e+00
1.122227542125428190e+00
1.410550598121686372e+00
7.523201375675465652e-01
-1.724296287955176199e+00
-1.002804488388109760e+00
-6.746685177989043547e-01
3.163145097574913134e-01
-1.306263013576116183e+00
1.433488090032200457e+00
-1.189294101436915607e+00
-1.793172461816381347e+00
7.880656358958733065e-01
-1.948045562615247972e+00
4.096728175022071872e-01
2.516749884820613792e-01
-2.959695168100528462e-01
-1.663524374755354085e+00
-1.112451204021947637e+00
-1.449818491616535754e+00
-2.430189247672703612e+00
2.475958596969033643e+00
6.980970278342674140e-01
2.674774172711207321e+00
3.703805802020714300e+00
9.010359948958499565e-01
8.976936075574890594e-01
-2.196200881442439412e-01
7.284110111255404085e-03
-1.552459462189748951e+00
1.492070568548363951e+00
-1.100802478605721474e-01
-1.102648765398223318e+00
1.301878200614096759e+00
-2.326598133873156282e+00
-4.514996336797484355e-01
-6.339843826760505063e-02
2.605137688904446414e-02
-1.229696967189834178e-01
2.366472038223227381e-01
-6.868966012698914936e-01
-3.629376581776996957e+00
-4.675520054588122587e-01
-2.856490132687566685e+00
-7.984840459779600774e-01
2.297888767252759923e+00
1.142460309762458603e+00
2.771374120064488800e+00
1.914219079655427702e+00
1.506559437220237330e+00
-8.665535102099974907e-01
1.235163180387603754e+00
1.458772182084651092e-01
-7.281928734329193853e-01
2.481354876483518268e+00
-1.224876235991845252e+00
-1.565205587892102290e-01
-3.328388228009446781e-01
-9.917210988668569982e-01
-4.095452137620882449e-01
7.317292350216876295e-01
1.257714303068491191e+00
-1.396112951038811056e+00
9.191701405829174609e-01
-2.917574482349731824e+00
-3.310152966373571370e+00
-1.070921334688730298e+00
-2.516584750479256449e+00
4.686137430657861813e-01
1.346574640348500829e+00
2.249391306262435108e+00
6.042500461054203242e-01
1.997370744487344307e+00
6.675755967000467361e-01
-9.924089683786345706e-01
2.666359686815309438e+00
-3.596657803340160831e-01
9.865613243618062134e-01
1.061337333208712597e+00
-7.032376688047535795e-01
-7.889785093554261275e-01
-4.553100232266791281e-01
6.907250874153871845e-01
-7.668488355058289407e-01
2.837513690599291927e+00
1.617344853843725172e-01
-1.163439049673029801e+00
-1.403491075560012735e-01
-3.921309482106248634e+00
-2.475266656012284461e+00
-1.970350276375496312e+00
-4.776301779041119966e-01
-4.635792867961152641e-01
1.775216993086027317e+00
1.370274584525112083e+00
-8.657200476106697851e-01
2.442535950020655822e+00
-6.318886067621043434e-01
8.276296270805570954e-01
2.084793953116827581e+00
5.729490168751458778e-01
6.856590925327669117e-01
-6.231222249511647604e-02
7.073001616041607598e-02
-2.056999951049398589e+00
1.631969211336660841e+00
7.013360446384659941e-01
6.001929267166628001e-01
3.162677139340690502e+00
-8.535545442770523517e-01
-7.575033244205769956e-01
-2.107682683000770663e+00
-2.596055273624815030e+00
-3.054373162958107457e+00
-8.576176768729670830e-01
1.173766332776465804e-01
-1.472315850571794593e+00
2.230742612017666993e+00
-8.994169440234062174e-01
-2.323939686321814801e-01
1.407680360701789368e+00
1.598460005363607217e-01
1.506904586450382055e+00
1.357299923616767989e+00
1.519885170062074575e+00
-1.414213562373107580e+00
6.620163651548967021e-01
-7.376537565238232563e-01
-1.164300616141416445e+00
3.006393941779280876e+00
7.476240532006481754e-01
2.251498216389598905e+00
1.504881878021048447e+00
-1.915937516766046955e-01
-2.072019896836021058e+00
-1.948513673625098752e+00
-1.580785971724256722e+00
-3.347360496279010444e+00
9.524969577002864174e-01
-1.306651617877907068e+00
-9.787967933063135284e-01
6.613119935170248542e-01
-1.385239829510934051e+00
1.596394672849330565e-01
6.566474470580064837e-01
1.965180323839935905e+00
1.561828356502820148e-01
1.993985668387000532e+00
1.498036634891749541e-01
-2.168593217541932017e+00
1.093096038215340071e+00
-1.314309107886216577e+00
1.129545036650864365e+00
2.559232872519657143e+00
2.298707681324774654e+00
1.535953768986169310e+00
8.540553975747233739e-01
1.246469838733481605e-01
-3.263672247682665617e+00
-9.583391184351031100e-03
-2.042937092039024183e+00
-1.790811533164287983e+00
5.617698795210750440e-01
-1.966915676681260550e+00
-9.707967887407019658e-01
-1.142062437644136175e+00
-1.250675375574072934e-02
-8.186732177146675005e-01
1.961770652507883961e+00
1.728881212688916813e+00
-6.841884941136228138e-01
1.935424949935523387e+00
-1.956924690170695591e+00
-1.186964352580119009e+00
1.309607491625989217e-01
3.781140755446022461e-01
1.708669300327286811e+00
2.602421018860798352e+00
3.170321045436662821e+00
-3.100619637788440963e-01
1.796169103058348204e+00
-1.008877677958190056e+00
-1.970266299674479527e+00
6.892726050347415256e-01
-1.771041242660488901e+00
-6.171920912184096775e-01
-1.172746891132987246e+00
-1.169954639712654565e+00
-2.617677244755539867e+00
-4.914312881031351332e-01
4.097630447430819500e-01
-9.279869703476583132e-01
3.151640039723535125e+00
-7.332948823998441945e-02
-3.112397832644819839e-01
-1.840905729734552132e-01
-1.900083042708752057e+00
-1.068461699589581038e+00
9.490273599708409780e-02
2.320156598008988880e+00
6.909830056250734209e-01
3.776914077962542748e+00
1.667879402604190764e+00
-3.272262032044275792e-01
1.888866121669525500e+00
-1.161412018589037976e+00
7.264477178949624303e-02
3.549551763657143866e-02
-1.267052258026868383e-01
-1.870388164308389278e+00
-1.332384600134238983e+00
-1.258879205791814782e+00
-3.377663650855836419e+00
1.273336348453261380e+00
-3.109812800010710587e-01
5.834733537792083924e-01
1.869003939825357730e+00
-6.494803915567708419e-01
-1.076056448088696937e+00
-1.813512021096005622e+00
-6.251287349555167960e-01
-2.014502296101089662e+00
1.935280993781236525e+00
1.886164252743741221e+00
6.650252011640565009e-01
3.591030042751652385e+00
1.844001883049559698e-01
8.495752993706590095e-01
9.393941768181351959e-01
9.109057155460581479e-01
9.661665884757791867e-02
4.549427586611823893e-01
2.338282448285435855e-01
-3.419953916490343193e+00
-3.181313051762317823e-01
-2.416358167129617041e+00
-1.620376752473461357e+00
1.407840721258150518e+00
2.086186759376186250e-01
9.539726588717928335e-01
-7.998122629160964170e-02
-2.662574872826688477e-01
-3.226216242688494162e+00
-9.403812413581544849e-01
-7.570619287012881893e-01
-1.590357530010904963e+00
2.849067356014743702e+00
4.995421689050563163e-01
1.361891522576477165e+00
1.572271942518275623e+00
1.000000000000061728e+00
7.236470022672050195e-01
1.501757559666475839e+00
2.474289491722702738e+00
-8.220634309908747550e-01
1.631348663258010756e+00
-1.491488039978113189e+00
-2.825026202406658360e+00
-5.039165270296717125e-01
-1.896717475078220527e+00
1.516348162496063967e-01
7.724013719108102638e-01
1.664178806422058621e+00
-9.807649384335311860e-01
-1.939683702531229403e-01
-1.229369893269254721e+00
-3.823081267385227022e+00
2.722050558977856527e-01
-1.531255084563297064e+00
-1.185241340187315195e-02
1.287892735521898535e+00
5.871167346420239630e-01
3.988405053717186677e-01
7.271965452306167199e-01
2.284730913072099412e+00
2.700394599817657060e-02
3.535891247363416756e+00
1.636789794453346270e+00
-3.983057255559452892e-01
9.950257241986270040e-01
-2.359100667673376783e+00
-1.613462238598382337e+00
-1.129917962084441729e+00
5.708821641256902613e-01
-1.555193330543597208e-01
1.560158661837736105e+00
1.280290380830729324e+00
-2.436890253317547383e+00
2.467050338768125295e-01
-2.735602201306390313e+00
-2.178531356862935642e+00
-3.184201822933182546e-01
-7.568157041285401565e-01
-2.464873178269462173e-01
-2.379401926054635075e-01
9.786381319255028632e-01
-1.488270422834587992e+00
2.138333582485186124e+00
1.918863023193366990e+00
1.021228747000495929e+00
3.927050983124750871e+00
5.620897162615908771e-01
1.814639687899651799e-01
-9.243566206124784745e-01
-9.615465155352433957e-01
-1.831383197704503640e+00
2.415449265546193436e-01
1.860220704119964097e+00
-6.787256889708234153e-01
2.540701682225884550e+00
-7.086646999856087703e-01
-1.754704434186786122e+00
-7.044221170701780999e-01
-2.072206880865286038e+00
-1.258318851932042293e+00
-1.035895187198478951e+00
3.247512800788133758e-01
-2.430758025460825866e+00
5.085208649764288991e-02
-2.600772595005960142e-01
-1.338231848215556852e+00
3.080102832181332406e+00
1.472193278396933813e+00
2.496911414325543088e+00
2.110448496616767589e+00
1.003851935705530662e+00
-1.143613972596653650e+00
-1.016185848957240623e+00
2.458173555267304522e-01
-1.926276404354850591e+00
2.545493842441984178e+00
1.026913416872927698e+00
2.600053303016476303e-01
1.438863529313068934e+00
-1.137486870521482007e+00
-1.103236604198705173e+00
-1.415040435776289129e+00
6.111621995219640446e-03
-2.243370913507748643e+00
-2.363908231559113116e-01
-8.166158797374419853e-01
-3.464491162697012072e+00
1.993667609259451856e-01
-1.428507273005207745e+00
4.847438096080270986e-01
2.241880126977529031e+00
2.597639005994027972e+00
1.635540833989779896e+00
9.743621322423279274e-01
1.076568346858901570e+00
-2.711130026965279605e+00
7.467632939790697089e-01
-9.182120571266008668e-02
-1.501673348372463412e-01
2.723997763835067421e+00
6.799827526252240073e-01
7.412361580860066246e-01
-2.287401469392486009e-01
3.953254272563948568e-01
-1.785916088241482846e+00
1.043778323648681394e-01
3.599863188534264680e-01
-2.752229468637012566e+00
1.019062858073351840e-01
-2.906598480809369889e+00
-2.643286937673070103e+00
-1.030821808089066760e+00
-2.159367414524795137e-01
8.939980463547920753e-01
1.838025702692995145e+00
3.241057284387008242e+00
-6.551948171296745338e-01
1.372521971253520157e+00
-4.912410233415752669e-01
-1.910634132126072693e+00
1.414213562373001665e+00
1.473715726523473490e-01
1.405912210230907400e+00
1.251012727656521717e+00
1.690020189856240584e+00
-6.550670006141227075e-01
3.927688847999885047e-01
1.154989688483284205e+00
-1.643513556487420368e+00
1.874700865822283902e+00
-9.049511793952719207e-01
-1.926649609400332475e+00
-1.663579258252238846e+00
-2.922783180864878982e+00
-2.458290825887952558e+00
-1.352983614020563996e+00
1.655965145959505502e+00
-2.782588970809142248e-01
2.708018095637291900e+00
1.446072818848374464e+00
-1.337947144041493175e+00
9.687217452768694947e-01
-1.308964653713692750e+00
-1.308673978457496334e-01
6.306994076191422272e-01
1.809016994374923470e+00
4.156537095703822793e-01
1.025115463695697837e+00
1.744609342168290000e+00
-1.514648067959853961e+00
2.292412934404596481e+00
7.180498810004086740e-01
2.982344197901861671e-01
1.273606444554033823e+00
-1.069429679570347735e+00
-2.125270672900815949e+00
-3.171243910172174107e+00
-1.479397495433212084e+00
-3.292953157868863112e+00
4.807189914164236577e-01
1.397192537953559244e+00
-4.822805947011701289e-01
2.381798695763705176e+00
-6.122562845218577632e-01
-7.180443501261224437e-01
-5.857841198161488627e-01
2.110532801282031801e-01
-2.227487088580117902e-01
8.023953878139082896e-01
2.262887066585805851e+00
-1.284393675565169257e+00
1.895652255637163996e+00
4.396499227732253989e-01
9.544762035131551525e-02
2.667123756554196756e+00
1.444613926080262178e+00
1.313619425107457772e+00
-2.447207763266929792e-01
-2.196602186060003792e-01
-3.880595348068681005e+00
-2.147160377223974237e+00
-1.216608426975517965e+00
-2.688833450422231319e+00
1.793119532766100033e+00
1.154581845057036649e-01
2.054370872356676703e-01
9.524522923343076153e-02
-4.096971948948700537e-01
-1.257581663327236310e+00
-6.626995562635111803e-01
1.560543474483921500e+00
-1.374525629469759203e+00
1.817427524334122690e+00
3.816515646958940078e-01
-1.091105289831749037e+00
1.484587498959764940e+00
5.533949640280836357e-01
1.923685424259386822e+00
2.121786230319274047e+00
3.226594194330570708e+00
-1.295216447465448451e-01
-1.163366331807046683e-01
-7.318133695108715031e-01
-4.290301568986994774e+00
-4.864464612316107273e-01
-1.587951378227545174e+00
-6.118204010565403417e-01
7.111170232929490131e-01
2.828929289856255136e-01
-6.704096271633807058e-01
-1.209094415883949836e+00
5.348560204687105024e-01
-2.375235976704840102e+00
1.039981535141189184e+00
6.122549910811363461e-01
-1.240231993677548994e+00
1.034315824544500106e+00
-1.020004800880759621e+00
-2.495327783715568515e-01
3.873483312841521364e-01
2.716997993854178617e+00
1.681199809041980631e+00
2.894104585602942592e+00
3.189833613350557595e+00
-1.479269081038148581e+00
5.786306645425195461e-01
-2.036240166038982391e+00
-2.328282815628834435e+00
-4.894649371779586366e-01
-3.400163355758576977e-01
-9.317698370032800881e-02
-5.209007739685431737e-01
9.026231347014018747e-01
-2.634374097089371425e+00
-9.976171726525179251e-02
2.487971389518858767e-02
-1.669448355986240307e+00
1.450462888372532566e+00
-7.044102515142895982e-01
-8.243561925375422206e-01
-1.307345387534880832e+00
-2.171585922787134804e-01
-8.605414480430880753e-01
1.201936406003875746e+00
3.911879826374968783e+00
1.000000000000000000e+00
3.911879826374958569e+00
1.201936406003969449e+00
-8.605414480429274260e-01
-2.171585922789472933e-01
-1.307345387534735837e+00
-8.243561925376474697e-01
-7.044102515144383680e-01
1.450462888372737513e+00
-1.669448355986253407e+00
2.487971389526311139e-02
-9.976171726511273707e-02
-2.634374097089315025e+00
9.026231347011735018e-01
-5.209007739686222216e-01
-9.317698370030014221e-02
-3.400163355760285611e-01
-4.894649371776976787e-01
-2.328282815628885949e+00
-2.036240166039116950e+00
5.786306645425811634e-01
-1.479269081038229183e+00
3.189833613350522956e+00
2.894104585603049173e+00
1.681199809042146720e+00
2.716997993854044502e+00
3.873483312842528337e-01
-2.495327783715718395e-01
-1.020004800880952578e+00
1.034315824544618678e+00
-1.240231993677702427e+00
6.122549910810574092e-01
1.039981535141174973e+00
-2.375235976704591412e+00
5.348560204687695663e-01
-1.209094415883900986e+00
-6.704096271631551085e-01
2.828929289852588069e-01
7.111170232931691704e-01
-6.118204010566270501e-01
-1.587951378227390631e+00
-4.864464612316053982e-01
-4.290301568987048064e+00
-7.318133695107278403e-01
-1.163366331810440357e-01
-1.295216447464047349e-01
3.226594194330410836e+00
2.121786230319550715e+00
1.923685424259466314e+00
5.533949640280191318e-01
1.484587498959930141e+00
-1.091105289832118741e+00
3.816515646959632857e-01
1.817427524333814270e+00
-1.374525629469641075e+00
1.560543474483813586e+00
-6.626995562636295301e-01
-1.257581663326903243e+00
-4.096971948950716702e-01
9.524522923363498705e-02
2.054370872354150945e-01
1.154581845057325307e-01
1.793119532766032531e+00
-2.688833450422165594e+00
-1.216608426975693380e+00
-2.147160377223645611e+00
-3.880595348068644590e+00
-2.196602186064593454e-01
-2.447207763266797675e-01
1.313619425107413141e+00
1.444613926080125399e+00
2.667123756554492520e+00
9.544762035151105328e-02
4.396499227730962800e-01
1.895652255637251482e+00
-1.284393675565242310e+00
2.262887066585525631e+00
8.023953878141952822e-01
-2.227487088579939156e-01
2.110532801281348458e-01
-5.857841198157962559e-01
-7.180443501260327377e-01
-6.122562845220729244e-01
2.381798695763925888e+00
-4.822805947010826433e-01
1.397192537953278357e+00
4.807189914165063138e-01
-3.292953157868745429e+00
-1.479397495433351306e+00
-3.171243910172046654e+00
-2.125270672900835045e+00
-1.069429679570726766e+00
1.273606444554021833e+00
2.982344197901227179e-01
7.180498810005515598e-01
2.292412934404786107e+00
-1.514648067959823763e+00
1.744609342168138344e+00
1.025115463695535745e+00
4.156537095705092333e-01
1.809016994374667453e+00
6.306994076193818133e-01
-1.308673978457136622e-01
-1.308964653713846626e+00
9.687217452770363613e-01
-1.337947144041647052e+00
1.446072818848430197e+00
2.708018095637320766e+00
-2.782588970807584605e-01
1.655965145959391815e+00
-1.352983614020495606e+00
-2.458290825887773146e+00
-2.922783180865152541e+00
-1.663579258252098736e+00
-1.926649609400507668e+00
-9.049511793954344574e-01
1.874700865822402696e+00
-1.643513556487385951e+00
1.154989688483415655e+00
3.927688848000474020e-01
-6.550670006139041046e-01
1.690020189855912625e+00
1.251012727656526602e+00
1.405912210230954917e+00
1.473715726522505376e-01
1.414213562373250799e+00
-1.910634132126209028e+00
-4.912410233415624439e-01
1.372521971253563233e+00
-6.551948171296652079e-01
3.241057284386850146e+00
1.838025702692986485e+00
8.939980463549676015e-01
-2.159367414528347573e-01
-1.030821808088965508e+00
-2.643286937673165582e+00
-2.906598480809639895e+00
1.019062858073597200e-01
-2.752229468637067189e+00
3.599863188535674663e-01
1.043778323651066708e-01
-1.785916088241331412e+00
3.953254272561919636e-01
-2.287401469391705522e-01
7.412361580859382348e-01
6.799827526248887200e-01
2.723997763835311225e+00
-1.501673348371853622e-01
-9.182120571272897602e-02
7.467632939791296609e-01
-2.711130026965250739e+00
1.076568346858927550e+00
9.743621322424204090e-01
1.635540833989937992e+00
2.597639005993925387e+00
2.241880126977728871e+00
4.847438096080528558e-01
-1.428507273005238165e+00
1.993667609259609508e-01
-3.464491162697293181e+00
-8.166158797374909462e-01
-2.363908231561085427e-01
-2.243370913507404474e+00
6.111621995214422398e-03
-1.415040435776053762e+00
-1.103236604198621018e+00
-1.137486870521712712e+00
1.438863529313201495e+00
2.600053303014630557e-01
1.026913416873156182e+00
2.545493842441878929e+00
-1.926276404354799743e+00
2.458173555267678667e-01
-1.016185848957457116e+00
-1.143613972596433825e+00
1.003851935705415865e+00
2.110448496617152614e+00
2.496911414325444944e+00
1.472193278396956240e+00
3.080102832181361272e+00
-1.338231848215549968e+00
-2.600772595004434695e-01
5.085208649720296403e-02
-2.430758025460663774e+00
3.247512800785553599e-01
-1.035895187198463629e+00
-1.258318851931814697e+00
-2.072206880865350875e+00
-7.044221170699429546e-01
-1.754704434186665107e+00
-7.086646999859403939e-01
2.540701682225821489e+00
-6.787256889706978491e-01
1.860220704119757595e+00
2.415449265548745839e-01
-1.831383197704258503e+00
-9.615465155355102933e-01
-9.243566206124199658e-01
1.814639687899763931e-01
5.620897162613988085e-01
3.927050983124942718e+00
1.021228747000721970e+00
1.918863023193171591e+00
2.138333582485480555e+00
-1.488270422834440332e+00
9.786381319252069888e-01
-2.379401926053531513e-01
-2.464873178269253451e-01
-7.568157041288552378e-01
-3.184201822931241876e-01
-2.178531356862661195e+00
-2.735602201306468473e+00
2.467050338769698481e-01
-2.436890253317527844e+00
1.280290380830376051e+00
1.560158661837662830e+00
-1.555193330542780916e-01
5.708821641255149570e-01
-1.129917962084205696e+00
-1.613462238598382115e+00
-2.359100667673734719e+00
9.950257241987504608e-01
-3.983057255559233623e-01
1.636789794453433977e+00
3.535891247363468270e+00
2.700394599840749699e-02
2.284730913072001712e+00
7.271965452305813038e-01
3.988405053718876436e-01
5.871167346417893729e-01
1.287892735522061738e+00
-1.185241340203568861e-02
-1.531255084563455160e+00
2.722050558979064450e-01
-3.823081267385173732e+00
-1.229369893269083081e+00
-1.939683702531449228e-01
-9.807649384334599096e-01
1.664178806421725110e+00
7.724013719108644427e-01
1.516348162497733743e-01
-1.896717475078439241e+00
-5.039165270295744570e-01
-2.825026202406804465e+00
-1.491488039978306146e+00
1.631348663257905729e+00
-8.220634309907796089e-01
2.474289491722778678e+00
1.501757559666533126e+00
7.236470022673422431e-01
9.999999999998148148e-01
1.572271942518505217e+00
1.361891522576404778e+00
4.995421689048082925e-01
2.849067356014860497e+00
-1.590357530010734433e+00
-7.570619287010950105e-01
-9.403812413581101870e-01
-3.226216242688218383e+00
-2.662574872828051831e-01
-7.998122629165693720e-02
9.539726588719572575e-01
2.086186759375047162e-01
1.407840721258315275e+00
-1.620376752473473791e+00
-2.416358167129593060e+00
-3.181313051764212974e-01
-3.419953916490424461e+00
2.338282448286020943e-01
4.549427586611407559e-01
9.661665884788736558e-02
9.109057155458472055e-01
9.393941768183983188e-01
8.495752993705497635e-01
1.844001883048080881e-01
3.591030042751642171e+00
6.650252011638587701e-01
1.886164252743810721e+00
1.935280993780982062e+00
-2.014502296100825873e+00
-6.251287349554559558e-01
-1.813512021095959437e+00
-1.076056448088639650e+00
-6.494803915570566133e-01
1.869003939825540694e+00
5.834733537789971169e-01
-3.109812800008731060e-01
1.273336348453316447e+00
-3.377663650855892818e+00
-1.258879205791912037e+00
-1.332384600134417507e+00
-1.870388164308166346e+00
-1.267052258029859324e-01
3.549551763693914452e-02
7.264477178964334758e-02
-1.161412018589010886e+00
1.888866121669574571e+00
-3.272262032046828195e-01
1.667879402604518502e+00
3.776914077962128413e+00
6.909830056249700592e-01
2.320156598008927151e+00
9.490273599708543006e-02
-1.068461699589436931e+00
-1.900083042708987424e+00
-1.840905729730903662e-01
-3.112397832648405860e-01
-7.332948823985430131e-02
3.151640039723519138e+00
-9.279869703476819609e-01
4.097630447433359135e-01
-4.914312881034988423e-01
-2.617677244755269861e+00
-1.169954639713174815e+00
-1.172746891132914193e+00
-6.171920912183138652e-01
-1.771041242660565729e+00
6.892726050347878219e-01
-1.970266299674196420e+00
-1.008877677958473829e+00
1.796169103058324223e+00
-3.100619637787536131e-01
3.170321045436229390e+00
2.602421018860938684e+00
1.708669300327405605e+00
3.781140755444665214e-01
1.309607491627795550e-01
-1.186964352579990667e+00
-1.956924690170873671e+00
1.935424949935584671e+00
-6.841884941134841469e-01
1.728881212688748281e+00
1.961770652508019408e+00
-8.186732177142583833e-01
-1.250675375602317008e-02
-1.142062437644038697e+00
-9.707967887406859786e-01
-1.966915676681546543e+00
5.617698795211272245e-01
-1.790811533164164082e+00
-2.042937092038937141e+00
-9.583391184281309094e-03
-3.263672247682530170e+00
1.246469838730318580e-01
8.540553975747104953e-01
1.535953768986359158e+00
2.298707681324405172e+00
2.559232872519872970e+00
1.129545036650961620e+00
-1.314309107886424188e+00
1.093096038215386034e+00
-2.168593217541889828e+00
1.498036634890058949e-01
1.993985668386950572e+00
1.561828356505969850e-01
1.965180323839652798e+00
6.566474470581044054e-01
1.596394672852189389e-01
-1.385239829511192511e+00
6.613119935170332919e-01
-9.787967933065744308e-01
-1.306651617877934157e+00
9.524969577004013255e-01
-3.347360496278863895e+00
-1.580785971724268046e+00
-1.948513673625094977e+00
-2.072019896835789687e+00
-1.915937516770753191e-01
1.504881878021235631e+00
2.251498216389764995e+00
7.476240532004897466e-01
3.006393941779392343e+00
-1.164300616141418665e+00
-7.376537565238308058e-01
6.620163651546412398e-01
-1.414213562373225042e+00
1.519885170061937796e+00
1.357299923616807735e+00
1.506904586450660721e+00
1.598460005361671543e-01
1.407680360702104227e+00
-2.323939686324453247e-01
-8.994169440236792212e-01
2.230742612017641680e+00
-1.472315850571790818e+00
1.173766332778015675e-01
-8.576176768730494615e-01
-3.054373162957662480e+00
-2.596055273625140991e+00
-2.107682683000773771e+00
-7.575033244204978367e-01
-8.535545442772223268e-01
3.162677139340824617e+00
6.001929267164298754e-01
7.013360446387714164e-01
1.631969211336771419e+00
-2.056999951049372832e+00
7.073001616038254724e-02
-6.231222249519818845e-02
6.856590925329674180e-01
5.729490168748571088e-01
2.084793953117260124e+00
8.276296270806781097e-01
-6.318886067620806957e-01
2.442535950020667812e+00
-8.657200476108384279e-01
1.370274584525112971e+00
1.775216993085662054e+00
-4.635792867957038155e-01
-4.776301779040909024e-01
-1.970350276375428811e+00
-2.475266656012195643e+00
-3.921309482106435595e+00
-1.403491075558236378e-01
-1.163439049673327341e+00
1.617344853842930252e-01
2.837513690599265725e+00
-7.668488355057693218e-01
6.907250874152921494e-01
-4.553100232268475489e-01
-7.889785093551475725e-01
-7.032376688052276448e-01
1.061337333208676625e+00
9.865613243617847861e-01
-3.596657803339413650e-01
2.666359686815430674e+00
-9.924089683786727623e-01
6.675755967003063063e-01
1.997370744486897554e+00
6.042500461054505223e-01
2.249391306262172208e+00
1.346574640348540797e+00
4.686137430658664504e-01
-2.516584750479443855e+00
-1.070921334688297311e+00
-3.310152966373598904e+00
-2.917574482349583054e+00
9.191701405828358595e-01
-1.396112951038647187e+00
1.257714303068198758e+00
7.317292350218148611e-01
-4.095452137618178501e-01
-9.917210988672024996e-01
-3.328388228008630767e-01
-1.565205587890474703e-01
-1.224876235992124140e+00
2.481354876483497840e+00
-7.281928734326827968e-01
1.458772182084154267e-01
1.235163180387542026e+00
-8.665535102096134645e-01
1.506559437219990860e+00
1.914219079655316458e+00
2.771374120064515889e+00
1.142460309762177051e+00
2.297888767252989073e+00
-7.984840459778199673e-01
-2.856490132687808270e+00
-4.675520054587439800e-01
-3.629376581776925459e+00
-6.868966012701819279e-01
2.366472038222229290e-01
-1.229696967185689438e-01
2.605137688872632973e-02
-6.339843826763225110e-02
-4.514996336796101017e-01
-2.326598133873473806e+00
1.301878200614091874e+00
-1.102648765398215103e+00
-1.100802478605369117e-01
1.492070568548196752e+00
-1.552459462189518691e+00
7.284110111151598232e-03
-2.196200881442429420e-01
8.976936075577500729e-01
9.010359948954342890e-01
3.703805802020918136e+00
2.674774172711435138e+00
6.980970278341080970e-01
2.475958596969183301e+00
-2.430189247672353670e+00
-1.449818491616513771e+00
-1.112451204022181450e+00
-1.663524374755141810e+00
-2.959695168101357798e-01
2.516749884820678185e-01
4.096728175023059970e-01
-1.948045562615355220e+00
7.880656358960452801e-01
-1.793172461816600505e+00
-1.189294101436904505e+00
1.433488090032173812e+00
-1.306263013576046905e+00
3.163145097572465092e-01
-6.746685177989208970e-01
-1.002804488387753379e+00
-1.724296287955783269e+00
7.523201375673722602e-01
1.410550598121856458e+00
1.122227542125396660e+00
